URef,PLExp,IECturbc,TwrBsMyt_[kN-m] max,TwrBsMyt_[kN-m] stddev,TwrBsMyt_[kN-m] ST_DEL,RootMyb1_[kN-m] mean,RootMyb1_[kN-m] max,RootMyb1_[kN-m] stddev,RootMyb1_[kN-m] ST_DEL,RootMxb1_[kN-m] mean,RootMxb1_[kN-m] max,RootMxb1_[kN-m] stddev,RootMxb1_[kN-m] ST_DEL,YawBrMyn_[kN-m] mean,YawBrMyn_[kN-m] max,YawBrMyn_[kN-m] stddev,YawBrMyn_[kN-m] ST_DEL
-1.2498169559264962,-0.09783920574984024,-0.151682802942006,-1.9633256847564367,-0.6691566597786376,-0.6758235506730123,-1.3865172632772598,-2.298120428570259,-1.798689060387178,-1.8979276344547562,-0.21560968830504443,-0.42516292395556254,-0.02250179459657334,-0.45693182844842456,-0.8703939179534315,-1.5738957428517886,-1.32821802800763,-1.3377929349687674
-0.36139800057441795,-0.5883793682453915,-0.47716079623176444,1.0318646715843225,-0.5338704756073285,-0.5033482000599223,2.0261905841786643,0.5637499506612916,-1.007994631364933,-0.8777952742405384,1.7037755647811994,0.481785231673643,0.17413527968246886,0.28585734141376085,-0.2177699032528364,-0.5601377295151119,-0.766869549187113,-0.7753110345250684
-1.187916627190319,3.038527219267552,2.2203075581091065,-0.008862398862294478,1.7853370459275626,0.4434940887519384,-0.5575342009018969,1.1502479166498305,0.4566421626783844,0.5884455467755155,0.25548402969804057,0.7301302980842663,0.6708411893224117,0.4865454840555427,0.6545169446044408,1.482931979037909,0.914331379421119,1.0848194578602113
-0.8280576301263546,-1.0824579183530167,0.5655025334387156,0.5789414814141433,1.5614743692848867,0.6595448131452901,-0.07519519583053998,0.6484940676877486,-0.01615596514424248,-0.5425011946983304,0.7734160358902259,-0.020107892204517832,-0.04849301018410414,-0.12957066754971178,-1.1140511645268087,-0.6580907749819748,0.7126951548464617,0.06246720804435126
-1.1024217174170505,1.2344546063310065,0.36128253135230604,-0.8929829285770863,0.31303111517230114,0.027112541345971658,-0.6491503968826389,-1.0324524459812554,-0.33162498880437336,-0.8530356332307367,0.35070414855751986,0.012891886827257941,0.23802794960823048,0.0028464886482445747,-0.02872611833542359,-0.22618199094332467,-0.774638186730343,-0.7952076319766247
1.4422712704673872,-0.06189210614354381,-0.7930719814314218,-0.6859768754205974,-0.9884641108301244,-0.8358530847449471,-0.809431534290356,-0.1426826885376546,1.4868490549900981,1.0795344594946896,-1.1501116896958965,-1.0489733347638122,-0.5018920881891645,-0.4242059688695104,1.1724969041983113,0.6156218830968105,-0.5649655405145632,-0.11381742745222535
-1.009245907008085,2.170380105858347,0.19462750095732945,-0.3153110582613428,-0.5389144635875505,-0.1168519712682041,-0.22312709390651686,0.008326550854673192,0.2608827134085164,-0.0407521057751079,0.42509950141520775,0.4885344593703339,0.5470837488311338,0.5463821103577462,0.8409676329411663,0.46309004634623746,-0.3568308672669786,-0.0035479971709913116
0.46384407844259873,-1.1664324065673097,-0.07370968910689382,0.6464437814227337,0.5033513228141628,0.4813057944761542,0.13829819494009415,0.7567278830062993,-0.11656682882095268,-0.16886250064777208,-0.58020297783236,0.3361555832842217,-0.19256941580024733,-0.007268214665877284,-1.314456409152509,-0.36930805342351025,1.3913071457781927,1.4396490566230205
1.780486798082809,-0.6723544830903616,-0.767442070038868,-0.9473080410556088,-0.8784407319922858,-0.6097971844347638,-0.9217921315192257,-0.9199358565435348,-0.38322919845475684,-0.37399442463834326,-1.378668477426477,-1.0514621266213036,-0.6234670905720735,-0.5087393549579295,-0.27071210897248305,-0.13380328508195502,-0.21506063164212033,-0.21467626065255133
-1.2083444672785018,-0.49526336162112056,2.7308663767712456,-0.15319365408096783,1.9947785741210051,1.580719984917992,-1.1969236094262126,-0.36291686231874226,0.02031485002145243,-0.1896868614570493,0.1801510270002833,1.0390133643107626,-0.1787257664874433,-0.08208481217931252,-1.122822501796793,-0.6177836793365841,0.6620154658220462,0.649505061041933
-0.24545520637054502,-0.9662925604247685,-0.8317031507307812,0.6459283834092091,-1.0509291355030292,-1.352191929002354,2.1225571081260552,0.25771798181555866,-1.5860140602092956,-1.735465948351719,1.7906808722404344,0.15715525418703,0.01565758927106553,0.07318364118101166,-0.7757021665076711,-1.3266421988876402,-1.3125995896643852,-1.291262618547384
-0.9211853010599537,0.8333337602728241,0.7017951446572701,-0.3291676012567497,1.3113142604153059,0.4364951032236339,-0.18800524086699857,0.6000874125627053,-0.1939275243865479,0.35671561669680707,0.27215454920390575,0.27627441465234276,0.4620069942199309,0.2761851745574323,0.21291972317333954,0.11499848729095977,-0.11328146245065958,-0.05989453924309562
0.18286401343813338,0.013267519379023679,-0.6168983110706177,0.09903248932392875,-0.4184005640990165,-0.6073327384393215,0.741050275939766,0.5033566556033947,0.16575129244767658,-0.08407436435828329,-0.4164587577532444,0.04603230367076776,0.328287827235317,0.4469517928749574,0.6267808275023704,-0.06631868144409346,-0.6625849780676772,-0.46216843295004145
1.0871395829844468,0.2183166546065839,-0.675931523822714,-0.512135795473302,-0.9530490815651086,-0.6975736427293113,-0.5613623311622591,0.19017098101197077,1.8649069783495356,1.5974126637862651,-1.0412819703702414,-1.0381039439933792,-0.15635443150183306,-0.1345066618295574,1.6436896580958318,0.8761934385029776,-0.25010257399558367,0.04079178115273286
-1.1680236268415738,-0.396632495900045,1.059613167929571,-0.833650581876335,0.9472158742658162,1.2569887632506833,-1.1379292098852245,-1.045308335982463,-1.2923131664632048,-1.3875745708196454,-0.20603715019857063,-0.5335797379482065,-0.0055466209920278405,-0.21918378267195412,-0.930282266181316,-0.4134784988387526,-0.48290243545204886,-0.44566953154177913
-1.2042912725434054,1.774854278668129,-0.38678407761620365,-1.8144605595968648,-0.9896398834613763,-0.8653497334960837,-1.0813947683386347,-1.9682163491666858,-0.9726159235967334,-1.218519747952917,-0.042770640953491854,-0.5398243219104429,0.1735861501216368,-0.09943672309940357,-0.16361523333317507,-0.8016591887786797,-1.1822892738261719,-1.3451465624279817
-0.7199024581008212,-0.5487967875409195,-0.5909969622193152,-0.41864087886998974,0.006666093702011328,-1.1513470827607466,0.4436142483282706,-0.9451690518779651,-1.302477237350189,-1.525248165586606,0.9421526508775813,-0.24797076193482465,0.0009895578447653105,0.023016876213224628,-0.5004594549640333,-1.115393561304744,-1.2476333875894485,-1.1500846114347665
-0.8666793753975763,1.9305505055833234,0.7973143909197428,0.6425077825572272,1.645660356267093,0.16170820387515872,0.21358648926790189,1.2386036773620153,0.3726384868001417,0.5253260841383983,0.7997613166765036,0.38390687567699605,0.7129829408974891,0.6854850158454046,1.062824028185409,1.2680516527958494,1.6199939788933007,0.16250332062996445
-1.2888663359411843,3.5639621775358443,1.4858019790370653,-0.993946095334417,0.4919073028161515,0.4034777441511054,-0.8528419284227573,-0.12867966199421776,-0.05654544363039556,-0.5112512477269185,0.33711760368189664,-0.06644774656662795,0.4295468382091448,0.4214091185726468,0.5817589471729101,1.104979602176985,0.14372683103050016,0.32205563617228417
-0.13775995753275647,-0.35712103288188335,-0.12669403500100118,1.4744753070044743,0.40644133929467746,0.5859644901505837,1.398835316674068,0.886839623145284,-0.2339662668083082,-0.20085782340570063,1.4444897507514933,0.8009967881012998,0.4996573644225261,0.4233752662061983,0.14238287190657356,0.3921170760714306,0.30771226512733774,0.3189881330689529
-1.028631824076592,0.14300477741166492,-0.5031742454450123,-1.5557578512061963,-1.0721869193206441,-0.7732531035398011,-0.8192072976804768,-1.6634719628630432,-1.424865703773202,-1.6251172009090713,0.23525987024084524,-0.5819246284947246,-0.001130990402038053,-0.06794071814037884,-0.49991163090315105,-1.0565084387493742,-1.243042603886218,-1.3359179688822038
-0.9017039658995446,1.475304875381493,-0.921628187183602,-1.0923122713589999,-1.3444070294844215,-1.5378876658674314,0.0771061446762812,-0.8947773539199244,-0.38178171638812225,-0.5188149327725096,0.7500938712797276,-0.5503769903342142,0.5458478698333281,0.5184511279471313,0.7579976653251517,-0.35588461465272075,-1.6038135903587376,-1.532034586441951
0.5658226008302865,-0.4649751776296553,-0.8846946280095213,-0.5820255736402873,-1.2510010436589245,-1.2652833588105783,0.1783475841669684,-0.6110162974320349,-0.6872950974422306,-0.8074180432422645,-1.0764924544948782,-1.1459394436031816,-0.08295677427582662,0.027336356284793178,-0.02346761505449863,-0.6503216237102144,-1.0769861322450267,-1.2218632081847742
-1.048715635656711,-1.3325379040812968,1.3558490019409635,-0.331769491161484,0.8344025885346958,2.0493576769228063,-0.8769990929941942,-0.8035140868914165,-0.7972510239777679,0.01212688737077823,0.11782906980268167,0.5524791807261606,-0.10781273596161152,-0.1166940689651502,-1.3817468010215952,-0.9229678077208603,-0.0028523209051238663,0.17586866531482492
-0.7153097138551452,1.127007458208078,-0.6901184404560448,-0.5570794818210094,-1.204732286992001,-1.0290252835805516,0.7187337096971168,-0.04019958477284234,0.08936277076135801,-0.24507870111934985,1.1059923128958753,0.11074801758808146,0.7435279428896726,0.726123763665556,0.9159026612325021,0.06618871165099674,-1.2681500749484464,-1.3275526523764274
-1.29736862690213,0.009037909174473488,0.9054316451759113,-1.5214104432760744,-0.04057221889551343,0.3415679777357928,-1.5582876568706323,-2.353444073103355,-1.2706526345781495,-1.8650968060566664,-0.28989765570728065,-0.5967954764081796,-0.013000641565951335,-0.4359097098233409,-0.8901071978148994,-0.7933895533690094,-1.0223840659648908,-0.8116037607475916
-1.1240183199641511,2.7655351779957815,-0.4685379791174143,-1.342440829370122,-0.37895082592219953,-0.7966759358775996,-0.46006955674647365,-0.9503069013096693,-0.11957685850780903,-0.45788878555653273,0.42860143034620213,-0.15277474572166305,0.4782655146928146,0.3155448247705232,0.6394083950932323,-0.10170817494403793,-0.7686199500419714,0.033348737059930425
0.08773095938097378,-0.6646902562929923,0.10460171458223684,1.5211287307448993,1.369453581020305,0.7552911121466903,0.968305495708966,1.260174042919513,-0.0029922370154696625,0.4584279738820964,0.1636303322738653,1.098487577827113,0.1505163392248926,0.2843331271727958,-0.28938403989029904,-0.025223127611014022,1.0353859454205954,1.3906114721982914
-0.334289905313067,0.9847782001321582,0.35624687021487544,1.5213516472536046,0.43319896109930567,0.4478315888611392,1.0579594710788187,2.0411576171756103,1.1386076808445318,1.2315692456357927,1.531897809970871,1.7129597328053991,0.9233758908468247,0.905171116536537,1.3956472342097368,2.3547741800906015,1.2668933179184412,0.8100216866171682
-1.1561613414812706,1.3001898043794964,1.3903878477159184,-0.2561122266250336,0.33236488247065493,0.9187549760083004,-0.9547085827904205,-0.15432891836946971,-0.5761413138202851,0.2865977929905354,0.09463102078363395,0.052815674312858094,0.27032202932559485,-0.027781836287885442,-0.08392497989474423,0.2642310097253021,0.006285069726819902,-0.13611263461806386
-1.0663650881766966,2.2374787053938636,1.0322422672972233,-0.3690232747238804,1.5611110439568983,0.3944242590520756,-0.47093106077834523,0.9325808187802175,0.46867807249694504,0.42849252313050257,0.68893353360942,1.8115745371332377,0.3112986242343331,0.3862136470087685,0.40380435409330734,0.7296883261265817,1.3164200752536375,0.07660495495310478
-0.8996022726347136,-0.8578910537804606,-0.3631153387016453,-0.8860828155991016,-0.2972812848121852,-0.6212139275301982,-0.38096784309640835,-1.1637775532715402,-1.4997527731463403,-1.6164538269508755,0.5046439626684325,-0.5226893907732496,-0.041049181978901526,-0.18275354707925123,-0.9750234545321643,-1.3913324740697208,-1.0890586288905717,-1.285511300944824
0.8650659824396393,-1.0696678232428203,-0.19687673668494757,0.6538304521806415,-0.15990245559798777,0.918669421869124,-0.2059393387587937,0.23062425315557797,-0.049325121438033886,0.14089618982755261,-1.1871785635912397,-0.33539911480652346,-0.30825201171939065,-0.16994395013904376,-1.2458397431540962,-0.3883278677677542,0.991969338866497,1.7303094078439492
-0.9721165291399791,0.9414141529639312,1.5095716972459159,0.8291424226495379,0.17113621676469587,1.5137069485627739,-0.06600984867157586,0.12220273462371202,0.5882332030669566,0.604309689241757,0.6189193165843315,0.7586012361945152,0.38694385377625123,0.21804151052245843,-0.033308879933758855,0.7814561940538048,0.3153175341021269,0.6607601316264404
0.4363762190470848,-0.09013531518882502,-0.9072312908916419,-0.46728607717679416,-1.3536454722305342,-1.3470735570458663,0.36087252262498015,-0.36888032881920785,-0.08106405778841852,-0.23470362998726638,-0.9259543522965272,-0.9937785895535945,0.12628869323020728,0.1778304548188612,0.5779004914143149,-0.17927360454687805,-1.1894117501555557,-1.1540686013516617
-1.117516041116232,-0.4520978437798669,0.21840935503125683,-1.3632888306592192,-0.22757407992716394,0.5505198950932882,-0.918213610389595,-1.4912803339613483,-1.2121653343504646,-1.2943658224419181,-0.04602911009959947,-0.4798431623048231,-0.08964334404810077,-0.22932176525034417,-0.9689083410233901,-1.0987600843055232,-1.0321473232129752,-0.877445745844703
-0.4417875309061215,0.36116213052024954,-0.3817412989954748,1.040303850599411,0.2986491382754666,-0.289765945216586,1.653344452212012,0.9565020973603839,-0.11410457784752501,0.08635698362387362,1.8296960365113464,0.7237613028408509,0.6998782372836783,0.7430526682216635,0.8101082493559891,0.41066548018710136,-0.3273170148723748,-0.5551587658639996
-1.2646299160262306,1.9965896635702254,2.5471253064190615,-0.27466177587018803,1.525552900581215,2.0078226847835134,-1.0068793134074148,0.15102002890480806,-0.23192215476478484,-0.07270621342385733,0.11262709101480063,0.8936889700021812,0.12770677416324794,-0.09182872200033483,0.4084320208970606,0.0774295532790299,1.3468741862900606,0.5553247261248884
-1.1892134548765967,0.7005288905065652,2.091897552692564,-0.4740095520036961,1.5926100219777377,0.7660764365226691,-1.0874387901976001,-0.611594111430474,-0.5028384183809951,-0.8386334543017536,0.16447599883964606,0.2812523194930485,-0.023921608483846987,0.1534218163894909,-0.7077960012637312,-0.14475213857007105,0.6197044181851772,0.40235317258928915
-0.8162594226060106,1.8205407072460065,-0.04417056256884759,0.1772121145902797,-0.05053134150285688,-0.7640013780261217,0.5141804003913523,1.2899364862070126,0.7969908445045505,0.3836477649586402,0.9324709930778755,0.1351073705351866,0.8201128918750547,0.7697440450734061,1.0236908669454636,0.8347285427607313,-0.0805960321138944,-0.21582183827765783
-1.2194785409248758,1.113960669715628,3.3332154990570255,0.10178247561633856,1.725145635863523,2.1207948092394657,-1.0276415133211185,0.813363862213222,1.427755450613316,-0.39313927629642115,0.2482555520000955,0.9961553930105754,0.22607509055834832,0.14788173814336258,-0.3380584033627616,0.8639718675131116,1.1902678034564578,1.0780791366597324
-1.0729640327380123,0.404528703793394,2.1892566683876034,-0.16192974618989392,1.4971478999010641,2.0555782884503233,-0.9590713484904662,-0.5755726875820282,-0.45701037501523245,-0.35217393722201135,0.5793648920786603,0.48806876987438447,0.12531087559052023,0.23881630515148852,-0.2720076867796075,0.4084107931643451,1.08193925066116,0.4054881733393934
-0.11315668699355022,0.7432461960692935,-0.927574802775186,0.7909498528294775,-0.8225630475979776,-1.2803086911171726,1.8393484618955227,0.8639927729490263,0.9100684186457241,0.4938020677333595,1.385650232730439,0.04991750166314874,0.8414408158871305,0.8456393884457214,1.5217940079079795,0.2742400023153194,-1.2273580700890987,-1.51797378991282
-0.9652041820592369,1.6956768587965623,1.7409645128977658,1.0088928235465806,1.8379751005870488,1.5624973933677222,0.009631470831761356,1.4174854265305992,0.8840894193149316,0.53932006359448,0.7679852594845232,0.8687324664730104,0.4289767793452749,0.49802400045531076,0.4901886377210527,1.5798935648473487,0.6461118324734585,0.7212230848547441
-1.3047690403924799,2.913265102962777,5.192126646081055,0.17202591966723035,4.001423323156085,1.4855198682246105,-0.967935005629283,1.3257572647659017,2.0636024218311775,1.6011938769638805,0.36567493827077546,1.1407749628593689,0.2824904362229831,0.5560074134363289,-0.005620032567010669,1.397448612797793,2.2852621419128907,2.244920156866019
-1.0015740329139007,-1.389366653448146,0.330332620925095,-0.48261975411187125,0.05329515934454279,-0.18906618530180572,-0.42381760072007263,-0.139282049909228,-0.9882968693472091,-0.7678607834671207,0.3996067656695758,-0.40241871431063153,-0.07297083013944704,-0.19392975685936562,-1.4752034586383944,-1.3753813130956782,-0.7197495731073433,-0.8218443252269303
0.3154819738225888,-0.23823889317486394,-0.24586105696550578,1.3498629790923864,0.32274543150146145,0.30631947275696575,0.47954350166247167,0.8897322230995847,0.25106316211552004,0.3517717459176888,-0.5479085300208973,0.5409657333569547,0.23592340763006103,0.2818366397700654,0.2898287025998422,0.5299589500753695,0.6056108309691214,0.7226230535228629
-0.5793743092024036,0.2517399648915832,0.08688569394513686,1.062685302416343,0.9088468946782743,-0.06866410309615635,0.7187768755179933,0.9469488107717722,-0.1438713024659071,-0.012592652544093115,1.570199870025815,0.8048636335760876,0.549935300864985,0.6676028960996098,0.528502738539324,0.3005212533868111,0.32883339120803573,0.10124090476353777
1.018755122054987,-1.204424353835434,-0.773550497164808,-0.9965730355831104,-1.0191568730662954,-0.9086544908167291,-0.33308152510021355,-1.0367817172967448,-0.8888175650307956,-0.9055523239839692,-1.4234021877668515,-1.2820718574946466,-0.4263522139370762,-0.3629922116457694,-1.6533682198368618,-1.7713077865848936,-0.796498943451386,-0.754955123713148
-1.2988546002450865,3.1963118299899853,-0.2609282408569338,-1.831966529519715,-0.48487616683362217,-0.2501483738339394,-0.9148073190353528,-1.5181696992380271,-0.6309450970301703,-0.8554987065922339,0.2524926559822986,-0.3015069798210372,0.3399659154030679,0.14908261340017806,0.14679559039444526,-0.36041492510782475,-0.5737469493159697,0.6417421937079413
-1.1258092868576612,1.0556258330983321,1.164273083821671,-0.47476016775539814,0.6944064438047218,0.2748819863494566,-0.8088753263364578,0.6057272449196537,-0.8108302830172442,-0.8847263922909206,0.2955105671795862,-0.034157532255243386,0.09561623568394405,-0.11819160441104308,-0.24959837756181455,-0.1888838281491627,0.1747918569225055,-0.34145814585223394
0.596657191781229,-0.22231467046377543,-0.5583454658851393,-0.18234607281523665,-0.772727286848051,-0.6253318271668132,0.03938928238545585,0.2073001677308333,0.20628044729707254,0.09707276836024493,-0.9607758643992145,-0.7755362853907032,0.043538578013588757,0.11501201182510529,0.4806026934834683,0.3197048285802198,0.03207531314689396,0.046648966706947105
0.05353216330812956,-0.9322922407793179,-0.13216133257672694,0.9780862150274449,0.8567171757518236,0.6897318340832016,1.2986567638677193,0.7668629758638865,-0.6559154253933857,-0.45036118514040385,0.584882218525465,0.7119335625383161,0.22107088621744003,0.02649124505814886,-0.8665807271478639,-0.3256189084860647,0.5557728271667471,0.6473605696659324
-0.7358484019940637,0.8826038945891732,-0.464909807252856,-0.22902739115760867,0.32534584787853166,-0.863428513428651,0.4028696654440136,-0.29897601533221463,0.0257651305359347,-0.13607367314351657,1.137795190888805,0.42202287119022747,0.685921387779468,0.5399541696235003,0.6683102085587848,0.07583722016749214,-1.0172143579576904,-1.038045640489154
-1.2265439555677287,2.38762527562746,1.6125599568043734,-0.845452315267256,-0.16581434425802946,0.6436045623090902,-0.7266943648979164,0.5238724153851305,-0.007744777962638524,-0.07321675000612068,0.3616222239235373,0.8888844819645064,0.27729617804209733,0.0004071495378510977,0.014138068016094218,0.5209751697015093,2.317542264158354,-0.014927174823277106
-1.1580545135276128,-0.7693359932268629,-0.7084121727550656,-2.249716208261163,-1.2147398007620063,-1.2148165869664604,-1.1647013250349403,-2.2440848600340795,-1.9945913007820075,-2.045394097345661,-0.13466852763206177,-0.8563205847954326,-0.06900500742785476,-0.3694993645970565,-1.1022793628602592,-1.866032054650375,-1.5136680495005108,-1.6275385179854711
-0.64280681070548,-0.13689894148302162,-0.8522637736575874,-0.4154732333961731,-1.2466546638229716,-1.242326765343098,0.7812736690078894,-0.6280906013031841,-1.2175917586020166,-1.3737074980086474,1.054900247396509,-0.2323370439795734,0.3584144963241423,0.25038950181345176,-0.04060792888548011,-0.9613676177741027,-1.36490227221178,-1.4980145044175963
-1.0648791896910301,-1.1241295290776117,-0.6001063816488367,-1.7129862671819858,-1.062176733818096,-0.905934672417666,-0.8826836571059687,-2.0678033394894255,-1.5457598085381306,-1.875340128825623,0.17122262476083527,-0.8518694516014436,-0.08922713938950892,-0.2675875774463588,-1.1943046163888873,-1.91851128738417,-1.4849317478541837,-1.5026712392846777
-0.07599409120315244,1.0142896019659489,4.610735405792276e-05,1.8017010314904829,0.4400407748186101,0.8805599749995439,1.3069538197827826,1.7172069816413142,1.7623582690876882,1.5832769111411966,0.7082310006178139,1.615195201323294,0.9119667618735217,0.9943810871665084,1.7784786485320634,1.598958576329392,0.9173291555552645,0.9415145901194406
-0.8978112308839139,1.3553688016220455,0.8027816884954684,0.6611478422303341,1.4747655193527989,0.40381953642574225,0.07306074765486956,0.8690052013797145,0.24809509787933529,0.5678194723784025,0.8087913359375497,0.7047327600956402,0.4870520467945343,0.5034092533069682,0.5006840931642398,0.8148637067384238,0.8613802089237013,0.07049027247356383
0.8993190749999256,-0.8430537513522923,-0.5358897713262023,-0.4186938041937836,-0.6229295572908177,-0.4518837987371716,-0.20577931016338966,-0.3521170628234639,-0.8876255683675922,-0.560017161796162,-1.296477223757702,-0.919054774695567,-0.21102507437374582,-0.1702612563655396,-0.8868475253021596,-0.6869019814296824,-0.19939717400158125,0.2848500444896854
-1.2574363207510295,1.4645753622377848,4.268611856550775,0.06740160443496473,2.1482869364006154,4.566067388080862,-0.8812449017086541,1.5303577994200692,0.11768709617801615,0.9062699190259333,0.3450291406537912,1.3683912056021443,0.10961544778374262,0.23863502074385246,-0.04452959176624051,0.2599018312250817,2.381852284650924,1.829532006368072
-1.0325309593904897,0.018015553871258673,1.2580182834707503,0.6935530497768488,0.8308119444933089,1.4112729721354398,-0.8610874251817675,-0.3492590418692573,-0.46237951411284617,-0.47784095442418467,0.41783947909904745,0.7308529765005654,0.1629431028470611,-0.049931246911659476,-0.4383741815713898,-0.6023852675402661,0.26469278153194997,0.13811060847763107
-1.1189955517798467,1.60712054498161,2.3176649083346557,0.9722283795772821,2.3535801057081653,2.554770420356929,-0.6018241013036636,0.33558320279757053,0.024663706384046195,0.2016861727261089,0.2540957299461149,1.1373026998405806,0.21408569794783838,0.28418730493409866,-0.04034685398183114,1.4080457424906614,1.1837807059090248,0.5114606704561325
-1.2664145699549783,-1.5395119704203877,-0.018581395987908686,-1.8319582235376197,-0.6380609189559255,0.004349936957224921,-1.6385323685356408,-2.1975980701414293,-1.5601719043738336,-1.2653062926770118,-0.23742249523885184,-0.7251348631322452,-0.20491183331840185,-0.5105368226342555,-1.5605242053966737,-1.6517733912722314,-1.1573174383928109,-1.043851110668715
0.1552488848014041,-0.39095088940092626,-0.8262358531550555,0.37942884135397054,-1.1263225904410765,-1.1915804866098796,1.0293453283123086,0.2558936178593164,-0.768392118390494,-0.8384941208638078,-0.3638401907344674,-0.17648107228149654,0.18780264628586346,0.22629546441388743,0.012659642030226537,-0.5044725139698494,-1.1510936669126244,-1.1611573500211805
-0.8378266249525924,0.0938850540400531,0.6635307064651138,0.9079874219718626,1.0254921993087218,0.40157477964787147,-0.1688433058922603,0.3343938417437755,-0.4069539566444903,-0.07583586504995919,0.7737059240726805,0.6335584633224415,0.3523567211618238,0.29756380103495605,-0.2380549489131356,0.16716562596322915,0.9012777990724511,0.42350209370526415
-1.2332494969095371,0.2697735831198038,1.840344430845424,-0.6997400226236314,0.7897029538709601,1.3700852549287676,-1.0164724154074256,-1.1627836295207805,-0.4627176612822892,-0.9283658891028234,-0.19180989738614015,-0.3433742026591039,-0.023035372961819157,-0.1809117048076918,-0.6393479471732354,-0.675869380722626,-0.13117699847972128,0.17422455221673738
-0.7820095239567503,1.4309312233856977,0.24382414327139154,1.1543272158288571,0.9216861214475328,-0.2511407659671812,0.5108174597768023,1.443212300664256,0.5130254538971178,0.18239541303482418,1.026718012437362,0.5516342226361098,0.7271088923613134,0.7870455748553619,1.0898355949316567,0.998654055902365,0.11003715618578913,0.06945936385228421
1.1262013456424669,-0.42683281941679363,-0.1848538199516071,1.0921311720026912,0.31242686778972417,0.9266713495523681,-0.4234827708450028,0.5258047060746744,0.6196312997581905,1.2072321486276918,-1.209909834475904,-0.09590948101107508,-0.13763733651416532,-0.10132270822496396,0.23628796437504207,1.0243404913229215,1.9175554564294377,2.0536566960053952
0.3689828436804537,0.18284248981724935,0.02363876426453287,1.3523061433471364,0.42344574092218445,0.9310623512143416,0.34423441251254405,1.4104844679068238,1.1320434336410594,1.1957229269707177,-0.3469380611814347,0.5422420851697836,0.23302037252504237,0.3039120759343832,0.9641703660245659,1.357982878852495,1.4954647871531441,1.7525312074572663
1.3684972905390909,-0.3174055134583534,-0.6498415408120095,-0.3409828253300011,-0.785976800896422,-0.4712671885034672,-0.6950609103201928,-0.2730859624642335,0.5734989995433099,0.6570156709281018,-1.2517425497811079,-0.7374289116891429,-0.3475581768876519,-0.28528117629609173,0.4845920828019143,0.6370832544707378,0.1212659812271428,0.10694608373715993
-0.17679695490411124,0.31110724898285225,-0.734327992895652,1.1274621738210453,-0.7840270007989275,-0.8767500938107197,1.9786658821635386,0.9998192086778444,0.062266184110565774,0.0024462209517232105,1.6946993852238807,0.6725588312878223,0.8225270991325078,0.7617293636475325,0.9989399478915278,0.15486837665635494,-0.9308265149385387,-1.08318624081964
-0.5351562017647659,0.4766909589648166,-0.11342172887281443,1.043838348151617,0.37645240413587444,-0.5225174682478718,1.5213567847118012,1.191724568467719,0.2610825885418452,0.16713846226971515,1.2951272897949566,0.7483821643858223,0.7038982517471647,0.7578166681579216,0.7202610094822387,0.47804196043990177,-0.03948132335455649,-0.3505331904902245
0.2452302976119816,-1.3273374422401216,-0.48262428484181874,0.5026181191149653,-0.4320920460499411,-0.4464214385161936,0.5496289263843283,-0.0722468700373806,-0.6102495423924835,-0.367171950509064,-0.5084847390670117,-0.8057213166152305,-0.16118767178587962,-0.19185127203250085,-1.6187213149878188,-1.10667585402002,0.0469215598153597,-0.3250449432761752
-0.3990941416969529,-0.9778384607431714,-0.2549745077820516,0.7834925016284077,0.698613566665131,-0.3811901319506119,1.8072419478778858,0.805645192738152,-1.0680260114219493,-0.7751303581722624,1.761460736960497,0.3178896788387103,0.066165826181621,0.039716112918991235,-0.8477175939562428,-0.7508810786510669,-0.3738601335769083,-0.23038275837470049
-1.2483310449646146,3.2653330793097233,2.4135683944352184,-0.31132802960587974,1.6766135593281166,0.018410101206416764,-0.9912368392950189,1.666427597662662,0.20074293974686283,1.1201720354034392,0.22091916233476222,1.4281214468607892,0.3758013135483621,0.4695814653459243,0.5509733323015319,1.012875378770598,0.860263919948576,0.817723958232087
-1.1861255729633042,0.8269116623442346,0.12150753763812237,-1.5875589260256588,-0.19636782351717763,0.0022950663110350637,-1.3141957973692797,-1.5091559010051192,-1.3917841736300365,-1.5404072115390475,0.022749229560742098,-0.6127495773228004,0.10755000334201036,-0.2558617099448367,-0.5204967865782308,-0.9697052060326641,-1.0669722856517347,-1.2524013830037237
-1.267698621997152,2.1177588681735724,0.539952526917251,-1.4731709076218276,0.06267212605719166,0.2121963863317842,-1.549265949116121,-1.6531603112249127,-0.9908540366780246,-1.146083036803492,-0.021179210651295338,-0.37155505284583185,0.1374505617420584,0.14516699394419874,-0.3262644343230173,-0.3970361987216557,-0.671134241426453,-0.5643392482185231
-1.1005284580372037,-0.6593332444846642,1.9940935942913915,-0.3942597408797301,2.567733470956991,1.772866615420772,-1.1895520998389038,-0.8137327573896761,-0.8458383013423368,0.4160182022761704,0.22688441376092472,0.17834016040168252,-0.01934489599944983,0.00734508653932576,-1.0313581903766438,-0.546353338456527,0.6864133491295625,0.4312012941056661
2.038888834686768,-0.6248763166887242,-0.4222006745076995,-0.13322598592515994,0.032511968503929164,0.13807268462032946,-1.1279354901610286,-0.5072320574812563,0.528680154841106,0.6507280394559513,-1.1720818904364352,0.35345657139250836,-8.834489206521944,-0.38795888692550723,-0.20406458097590008,1.3699775591752024,1.6147462352397817,2.156356845292022
-1.2812148136726296,2.5456824706944743,3.438564087063558,-0.7564307722338954,0.8464891262527459,2.341932379171432,-0.8671558725512525,1.2284239371960501,-0.26450682641151735,0.7984661235272931,0.32705402863363126,0.7418295082084657,0.1068016415848428,0.2907190469274235,-0.020865426313094085,0.8838617753344058,1.0205498474537213,0.8944674363934514
-0.9421402456343082,1.0817327308806746,0.008668924468407878,-0.8775744421343354,-0.16851449521477774,-0.9603641936127993,-0.22876494548551363,-0.4186819728647929,-0.7553057206795348,-0.7667208134820986,0.6966180182079632,-0.013544707403040717,0.4128405116544168,0.23025118979989592,0.3398114568321219,-0.2681642325464626,-0.5420635747931306,-0.6236728163591789
1.2886323101885495,0.08826324671063751,-0.20546576660563343,0.2985590276526716,-0.01007571248704403,0.8493093482745699,-0.7988927433745081,1.114566386263341,2.075375865622215,2.1449800606462426,-0.955412303112614,0.8100051295355031,-0.0755956651276916,-0.13653096210608318,1.4519066499515056,1.9756068969967582,1.8248053347197046,2.125122810290462
1.7102319404373911,-0.8989999256791671,-0.8948664499826325,-1.1827002370718827,-1.2552947721425485,-1.0357934732232763,-0.8690174916672776,-1.6115027666797337,-1.1561224615696917,-1.3338948786632554,-1.4198888513910186,-1.2799330242710614,-0.6180296089218047,-0.5495801866008145,-0.9716166640431343,-1.4092004102587046,-0.9823617063236159,-0.7318043813379786
-1.0960215938171036,-0.21462899135681615,0.43589294015841223,-1.1629750150590565,0.17632106749152437,0.9824568316671115,-0.9134540525905794,-2.1837302869946758,-1.2367623813030293,-1.1677486377299169,0.008189950357177202,-0.27320709040278013,0.01294931741152098,-0.22307267770332612,-0.9398733197953033,-1.193270779809144,-0.6703082646980274,-0.6378486682967339
-1.1739380669889674,-1.420025509067385,3.0698791472871436,0.06566383165902939,2.732459157358315,0.9482832222991924,-0.9068734829507044,1.186614453290147,-0.5247250828317882,-0.2719973955620458,0.5383779649430003,0.29721824455825924,0.05898508798514264,-0.09901582359730832,-1.359456505517904,-0.19225476785116832,0.9759586641236833,1.2040229607655395
-0.6678748452038298,-1.1915371701346886,0.21294608884255556,0.4366971160452241,0.570761687391229,0.04027455077927061,0.6988976579267475,0.8159859081058304,-0.5285776056600597,-0.5177127184126599,1.1697663520805466,0.6690846458550811,-0.15807724135265896,-0.0459204526481091,-1.1520800731097347,-0.6458371779362906,0.05740222622901067,0.16024337591886567
-1.1665440288444544,1.5073826333626612,-0.5727423621770994,-1.768248979428507,-1.0564645501403438,-1.0098189279698813,-1.059761951585537,-1.7254245564846065,-0.9551691126447729,-1.3189275559485951,0.09360273564081427,-0.7673352861631227,0.14500560404641413,-0.08033087977653772,-0.25268820157642663,-0.846009327884476,-1.4603029548249302,-1.4348817682252677
0.7260054855625308,-0.494496595763177,-0.3043787178731958,0.2239214312362664,-0.11726765653182349,0.175792762804199,-0.1074401679529082,0.2858401510748664,-0.03620726789804223,0.5936388314101888,-0.9650533553355316,-0.9812510832835638,-0.05220149754887687,0.01963424502219962,-0.2702681311322745,0.3463756003230806,0.8787079191596963,0.8430158463571108
-1.2025066809957325,-1.2799154131351678,0.7791203033868956,-1.1292815449394944,-0.0947965109342623,0.10129493339605353,-1.2455052136997744,-1.326187598613937,-1.386380813857896,-1.022365840042059,-0.14451660353575455,-0.7049453087010361,-0.1533251421280564,-0.4004324883976808,-1.3682652285698786,-1.4827181692739917,-0.5816431247801046,-0.5397477989226137
-0.8652972790202547,-1.432581009317804,-0.368582858698724,-0.7529978904559173,0.06774449290529473,-1.0050253087947576,-0.00013586592281213762,-0.6184610870591245,-0.8045997034684241,-0.9352213746602648,0.7172475968393098,-0.4164219702481704,-0.1378132910823473,-0.2059070018290027,-1.509618309775124,-1.6979612286371393,-1.1361164173923413,-1.2544998190965353
-0.5661070211341391,-0.4191740952200586,-0.9472279743841497,-0.21374339930666506,-1.2462274025615334,-1.5138720948831903,1.039201201483827,-0.6799870979573944,-1.6528760019984117,-1.6233489235567005,1.3001120249142615,-0.3111825306852743,0.2535666419827485,0.24063426128132037,-0.22951661107415022,-1.1761926544595647,-1.43101921066804,-1.4151194799153735
-0.9878599591122289,0.5751148603225376,-0.22998375195020376,-1.3131814693554476,-0.4991853181098605,-0.9593217763508353,-0.7022637908297593,-0.929891071040802,-0.8297308867702593,-0.995892392251372,0.45773227701259384,-0.31781084659338465,0.17497817951435798,0.08102868456441263,-0.19029692841643353,-0.6093561725335225,-0.96674355142065,-1.0489924328686493
-1.2750474463387031,-0.8888350263578269,3.6590602582073233,-0.4884269597660333,1.4934907156646,2.077153792806753,-1.1982319206366132,-0.16229136731990587,-0.394664151970136,0.28631855604747375,-0.1721011443247351,1.0709487948368848,0.03434277811125988,-0.018865063674450185,-1.052053259364916,0.41066608671895494,0.9387947891271748,1.119403443098276
0.8221992112713754,0.12720493109889658,-0.3234033823437317,0.45677490821359745,-0.31563008287453276,0.14896564275672242,-0.27335723201303935,0.7427880065226369,1.196247085494006,1.1999182483125794,-0.9762521211828886,-0.1338008199189454,-0.00951479984417914,0.10870542170232311,1.2187805604681694,1.3009543242592803,0.8683747356152135,0.8025934502462254
-0.5838252893367095,-0.9916602347256511,0.37207458916977804,1.3607397970909876,2.2834415563558963,0.32461203256595966,1.1126941661775842,0.9892412751151094,-0.4143539065107458,-0.1821276610150875,1.3461887264762038,0.8367414953242439,-0.018453950351078562,0.08219077457778887,-0.9857682370030152,-0.6101060272014099,0.3605381115406686,0.3566592398998686
-1.2963292895780014,1.5261302287098233,4.551647247383023,-0.027733073535879792,2.3462379637972086,0.6743367756810524,-1.2567111956105192,0.4000452086754074,-0.6097694611546076,0.34903357716351735,0.0734899600523324,0.6560400636363226,0.16209486171057375,0.33187007072203994,-0.4534120014020764,1.0926040167995987,1.6600900523023325,0.999723778674846
-0.10860589713968158,-0.8261216421524455,-0.29068572955835315,1.2546265214043315,0.04687752405513038,-0.02993413553941936,1.726671822519725,1.0563223837963032,-0.9043389293801789,-0.9455087760878758,1.099549782334112,0.8126592239035736,0.15092359151041648,0.29306886954764205,-0.5496691844091182,-0.623407655535893,-0.05209121310027924,-0.07853015118632811
1.6430174771121298,-1.099517277640305,-0.38592033209423887,-0.41406169538978743,0.05136131948511469,0.7061710398316443,-0.7944021989674463,-0.9529050669965512,-0.27065068551006294,0.18829535228458352,-1.2990077846454329,-0.351255838802144,-8.661971203671797,-0.4380482511906741,-1.5753881508856955,-0.9022853088421826,1.8818132377573473,2.06362498591818
-1.078431824390363,-1.1446269367397874,2.0154355069741805,0.6147432653447805,1.2748350225506289,1.92276607169357,-0.5920376922785464,0.312656624970207,0.25290381234349396,0.1493179501568946,0.5875341341101148,0.06948295235861696,-0.054153064399532894,-0.19579802245911257,-1.1794453350621925,-0.8286675422432943,0.5961529053525026,0.10661268190662282
-0.9373990812165888,1.2938126720975482,0.5178139009477776,0.08927591035155066,0.6365250234531555,0.24525260950589334,-0.005913210996697716,0.3716910379090887,-0.04725606182349763,-0.24680093707568765,0.7843084244933477,0.38570223213873217,0.542110546611777,0.4314833332844387,0.49447029822092087,0.4603937669378184,-0.08619936369335028,-0.370564940655285
1.9422141477727273,-0.7419767495583709,-0.9298873870896919,-1.12268700324244,-1.1985044616558391,-1.0637364341760187,-1.0318974646607568,-1.2752215601024728,-0.40075718205892746,-0.7252074262747655,-1.3714809363476264,-1.3815812936595946,-0.6856448056805728,-0.6191745207796513,-0.45696665659643215,-0.8952747031314405,-1.0597568991187163,-0.9308432672770234
-1.1976375355651037,-0.8720473359468666,2.2731089137856455,-0.6889162147187281,0.5204201212610573,2.357681612507933,-1.3991486386191383,-0.41113525340661994,1.0405307443675145,-0.27674555437937315,-0.011349070080936441,0.0982468577612344,-0.025185754991565647,-0.2885687251815321,-1.3303267915066737,-0.5331310683755037,0.4013114603315596,0.2529314493679975
-0.018544455648337285,-0.19559208356332103,-0.30788888825928495,1.4723011663521057,0.08907216522260993,0.21388701837553048,1.413620168321426,0.8833201721645821,-0.24874620073744252,-0.19725105086135492,0.5837411838009309,0.7426189365369871,0.24813858083768642,0.434171130815265,0.3081044210488715,0.21374276121169986,0.10967439253078162,-0.05192478873387691
-0.7032685351677945,-0.695800374119756,0.17791592124934388,0.3946194416087756,0.9502277776132986,0.19680343289306967,0.7431460547038853,0.2987642173309746,-0.5114094576371576,-0.5758670681677035,1.0384156206826156,0.41117439687472646,0.01118714413122395,0.12810965582295972,-0.6426218081474956,-0.6045653823019177,0.3749239619738892,0.002134558548302637
-1.2591502283029297,3.0526125648830793,1.904885220290153,-0.7006067858547953,0.7037594523998603,0.9087964982994009,-0.8025659459288653,0.742638429900158,0.15804691046330865,0.03362631443674468,0.3836698121860913,0.7003207201629629,0.4764002705556566,0.25628331286935985,0.25759729016892735,0.9420623159970072,-0.27989251589823416,0.4335581779020634
-1.112347634955817,0.9530040887740641,0.3994983843801521,-0.860674102245883,0.21742654664031907,-0.22719951251384102,-1.083930260892709,-1.5407258098355183,-1.0449681183179886,-1.0408366150016894,0.13239940019847796,-0.27291459395296225,0.10297025079415643,-0.04549322412524798,-0.39631161001736404,-0.660093434876269,-0.5022098749459591,-0.7120774118423393
-0.976453202192956,-0.445721338128596,0.7559483078110754,0.10031310997818059,1.551604086808941,0.7523121463460383,-0.5653881858044847,-0.8399174745523629,-0.03816965389177364,-0.4942235400222869,0.24107927466358503,0.18421483035371153,0.014615005283302247,-0.04397859405028894,-0.978543921822499,-0.5097832380575518,0.35686739842363907,-0.07737487068514534
-1.038553275130408,1.9824333814038195,-0.5524195841340614,-1.1899298577001642,-0.9468633402628411,-1.160183386459735,-0.41223364872828205,-0.8441489196093821,-0.3378051900122133,-0.6229718242613579,0.6616724193989089,-0.29257687404616767,0.4226895823746755,0.33135095067618203,0.5736668463399084,-0.29425627085640127,-1.1838236720926036,-1.1991977560610056
0.8563215624561958,0.3386308265464404,-0.9485005581557201,-0.9099372518133544,-1.4182459651656483,-1.3339679902638768,-0.3694771794968506,-0.2672666350117554,1.6835157100744857,1.2374287209732389,-1.0490825131559676,-1.2484867849723613,-0.042238731067764344,-0.024997535092939036,1.6403454637661807,0.44627295532476563,-1.04903190484162,-1.0877985182061742
-0.47638547852371177,-0.29052861875363784,-0.4066873898393601,0.8662426324334684,-0.6765523517257475,-0.5577085347717151,1.6843943111260395,0.5871688890555422,-0.7721475454618041,-0.8665092894635829,1.6177786307710604,0.41016335616221083,0.3742323334097114,0.4443422768912774,-0.002639816127853862,-0.4287482574445931,0.029859350728513572,-0.7135130445078007
-0.3256517078236681,-0.4004323206844212,0.05852811828925157,1.3372254646173463,0.5880278773256806,0.02061630791970209,1.6467300234932118,1.04654386690693,-0.45958275123030656,-0.13450460861060715,1.4071164205161446,1.2403093356010695,0.3479795696883688,0.5143676993502665,-0.07785943046720821,0.3096648290901591,0.2747392100353364,0.3708575488300063
-1.151812622642764,2.5233680935326768,1.0942651636172314,-0.6479938653320311,0.4215931020349077,-0.5823934872958398,-0.6731465335438251,1.3461956469515268,0.122508385442032,-0.11431169949356479,0.21607030878454414,0.5857448564425899,0.409029981746221,0.4688980338426341,0.6433909153075686,0.4454890859283275,0.34646400707138836,-0.19377023786342004
-1.2205096688995702,0.4134722215960325,-0.19177512761633256,-1.6808819121267737,-1.022754144663725,-0.6349447668626077,-1.3394523394909001,-2.231961218731639,-1.5535912465411255,-1.718116248026499,-0.16102217847076106,-0.808494691574623,0.0014803549580871282,-0.33101924400161026,-0.648164391883104,-1.164065761929188,-1.1883082999797612,-1.3853954101660504
-0.805035959998607,-1.2230852930137124,-0.9103837382353271,-1.220739163760774,-1.4094855438181924,-1.4865443986858518,0.20030682677880104,-1.3478336002758662,-1.3814885165875461,-1.8469429597025766,0.7109301684692851,-0.6107521621528633,-0.10340394357552693,-0.21233151253430715,-1.287417052213286,-1.837343453891143,-1.6531240900149458,-1.6116600807675279
-1.1316268055292518,1.7098337675936452,-0.7647545250270955,-1.8938222183762163,-1.2852238482454694,-1.5293607203044228,-0.8155751504954334,-1.7539573285930972,-0.8155849800635281,-1.3274258431617811,0.09386128605544479,-0.5064431155099278,0.20406082049209232,0.02295491392172823,0.002351682748311529,-0.7590771406753846,-1.4252674144340454,-1.4144666474818277
-1.3052885437446962,-1.395743785730094,1.6662254263882432,-1.0111662559060124,0.18093511085385564,0.7516978826590258,-1.470617155612021,-2.054168531403616,-0.8476887433883303,-1.5365737254297551,-0.27153747010307133,-0.07554220044751105,-0.057437334256448536,-0.4594835154196522,-1.4555301090501207,-1.5043919579861624,-0.4364855003278366,-0.16560940359716558
-1.2486324952701238,1.5829591347343412,3.7304347213036695,-0.5917170989760423,2.0658188360902194,2.676761090045894,-1.778340373356721,-0.8089037023147749,1.3724439587155322,1.3964748428371205,0.32589218555220534,2.065702863350083,0.029630198183504954,0.2260387592701903,-0.3230101768785548,1.2533217573933355,1.5863507379434658,1.0813437502367984
0.9886354026251435,-0.7240196928704686,-0.8107213590706088,-0.7744869984649355,-1.1070595534207677,-0.974952583350469,-0.2639000532671553,-1.101667918992126,-0.7726867528347481,-0.837359275461577,-1.3193622821767543,-1.2503131521243802,-0.2959474265568946,-0.25681429601613226,-0.4733377196582742,-0.8491274697127257,-0.5749626099116589,-0.7816031468279345
-0.4874556739495657,1.4006785419385375,-0.9924100711407078,0.39276161924587194,-1.4020775219005988,-1.5498047761848617,1.648399382248499,0.8739051635413286,1.2285285498551315,0.6460979090427358,1.8677307315223457,0.2203040485647159,1.3093672800188505,1.1967197068824618,1.840696821171674,0.5719297626542095,-1.537144667196456,-1.5496325172374257
-1.0241869635257168,-0.9152740726679516,-0.6718120996465718,-1.7661763420226901,-0.8972986498296027,-1.2438193016328987,-0.6714596630934495,-1.9866177105428784,-1.7182021332057438,-1.7742187085884367,0.3435739642570462,-0.8007379273029482,-0.0645849090415719,-0.2585641381812015,-1.1326563349946863,-1.7978515464360312,-1.2918062126999381,-1.615631226965411
-0.9818380363730813,1.2254313693569032,1.5769816873918672,0.6053276801295963,0.8563742485782746,0.1726908369190366,-0.32554771436019203,1.594282470838916,0.21955281257130418,0.860166271562263,0.48273788187601535,0.7482321538163749,0.4950571796292956,0.491707897934705,-0.17140369630452926,0.9168874745069572,0.8413550287504155,0.6051088541034229
-0.6090904979360554,0.06363219635301498,-0.42694100874292884,0.4576071789966735,-0.44371282297877584,-1.029080719875878,0.6606278343286222,0.29899170675150644,-0.7305928447568028,-0.5674374033570121,1.0726007101802206,0.27744252213365583,0.4472768536563112,0.3887702631421303,0.22914383821523338,-0.12494380962772476,-0.7022511573756858,-0.8521876643422857
0.2793269415559068,-0.7497104148676577,-0.1693405352832678,1.3934785363193263,0.3556049317141982,0.23258933853335167,0.6825187502275131,0.9277444287825836,-0.2689461453829235,-0.07699996296392997,-0.42497008299802924,0.632046696592738,-0.03443757870070429,0.0767463418821397,-0.5102242798328206,0.36263758116793043,0.2341329348104551,0.782364388479437
-0.45785932549857095,-0.14886301986741363,0.037329403253833764,1.4492437185061104,0.023735101290776373,0.1293586644507784,1.3097378291589887,0.7807205189962949,-0.2446874117634694,0.39002545426529855,1.484465197313401,1.0698162353017386,0.45259326745951134,0.49541598962606354,0.24856421439455892,0.4891278642320886,0.25094913861196083,0.13951562018549493
-0.7250511830321599,0.9997181133337186,-0.8887597535728461,-0.7711032732257487,-1.174312598733042,-1.465952239168207,0.5602952885193613,-0.5373228276015162,-0.028038389553547056,-0.44117453513943056,1.0170296801969798,-0.13306394787212114,0.6318662286013975,0.7024914081743112,0.8603508478285535,-0.24916348609664324,-1.5219441160723852,-1.566830792792924
-1.17257953194357,0.8474109498984419,1.2355153313249534,0.014543695106405592,0.06138761928115183,0.8983378219201005,-0.9199398963962574,-0.40781797848661827,-0.9586084350709786,-1.0405449407381406,0.11272465837445993,0.08986740312449616,0.007836461875184211,-0.024697312570356972,-0.4710115644530681,-0.4613549482736833,-0.4148060284053106,-0.18193386389234764
0.6635394883597857,-0.010246008599091286,-0.7206350045808093,-0.5959416842991704,-0.9192384303850601,-0.9326223739710406,-0.05646206029151935,-0.11617961508607398,0.39386740054139086,0.3300396919981155,-1.0302700006726409,-0.9732435099604788,0.013903581653260276,0.05992331416061907,0.8252725698115639,0.2734093830270751,-0.4861581075517791,-0.49660653377770575
-0.7444195585424538,-0.7942575995010686,0.9838134026419452,1.413820195277549,1.7367780547281486,1.3832464115001584,0.04787748254899886,0.10556559458984589,-0.05836715598511918,-0.2731559260023427,1.037884865508963,0.761396937682579,0.09178645019439004,0.2050977442096196,-0.7979936230273388,0.1839633478489305,0.2887178637352046,0.6840218017047749
-0.5071118757386484,0.6047072982313262,0.6273759765107975,1.3119837010294815,1.0500880589472446,0.6264690276600972,1.2462038864884344,1.1353426332589431,0.8358957467036181,0.7057488415719484,1.3336575617760134,1.0658364100373656,0.6648783152611466,0.7920175353210591,0.9135370165471653,1.2051589774505145,1.5250796100129456,1.0227480497158778
-0.9158273063372294,-0.38760863229526393,-0.053367400540791726,-0.5731515551450619,0.2559677078576633,-0.24835538565804477,-0.24175254024831083,-0.9274596635400121,-0.9907679349021602,-0.8830287871528263,0.4070228882761805,-0.01545437415216481,0.045286271852006024,-0.0355910474947548,-0.668661718614546,-0.9732927830325852,-0.9503539816328753,-0.8039279774613496
-1.2029844451708491,1.0744158826738748,3.4844866245044748,1.1829735465136952,2.088332266703388,2.2166699771407057,-1.1208063723283508,-0.9232622598050392,-0.13050088931295578,-0.2655295370014867,0.48951682473900204,0.5242984884319508,0.1220402240525021,0.28437231098425486,-0.6630832943469098,1.0186601729246865,0.8383128225327634,1.0125312721021593
-0.23754374840171177,0.11316033605959779,-0.54647288513447,1.2012311570061827,-1.1465342726329375,-0.8403566698966708,1.9460923578773512,0.8874099463079097,-0.19460379124708324,-0.19209310532739618,1.8718974430639892,0.43388288106331085,0.7596066035268269,0.6065371917919329,0.7060054247987613,0.11306160845843938,-0.6910096608827893,-0.6574230840785669
-1.0893868393998416,1.7633441011938789,2.355071481269369,0.8362458102988686,2.958591218829229,1.947244842850151,-0.5090994026334216,0.07883953785000236,0.3376335247151658,0.4931508938676577,0.7113667027065012,1.2685620193717646,0.12716041407138612,0.42020588421557487,0.2393831173008225,1.0871986230209396,0.7845611489816277,0.6535603389873612
0.8811887797987855,-1.2564538024877694,-0.1494988059722417,0.5435903051166426,0.3525114254180722,0.4662460992703879,-0.17999703992815355,0.13573739015907263,-0.13478715836301122,-0.011919766483391223,-1.169249799367345,-0.3954530111990898,-0.42467697966354007,-0.2151243318127683,-1.9115113725096329,-0.42797717297349025,1.5819912675507786,1.8002193124752726
1.3568093821160254,-0.43386537311823004,-0.6947215337657647,-0.7261975452390397,-0.8444510256800235,-0.69103504922745,-0.6855959502362627,-0.5119131967061582,0.15096290898311907,0.16989204118046528,-1.2792856153683363,-0.9283674845815176,-0.4087936399258297,-0.2635189579169056,0.3002815069803025,0.11385558612819768,-0.18690005756368358,0.17176202818522698
-0.6792057093075903,1.64237090470814,0.29016226110917853,0.9636301107597597,0.5585129776250912,-0.3671764649676114,1.0057797051641193,1.460899744146528,1.2442708536579772,0.8786761959831711,1.6275731627382193,1.0304670448763813,0.9723782918295406,0.9412285331414222,1.322571873583729,1.476002138608784,0.41874220895588093,0.14555773846217135
1.8651071095931409,0.18718711122882686,-0.836750488989248,-0.9704943163887022,-1.0627205171425331,-0.9418079077713144,-1.1693671916207788,-0.25843540616079086,2.7073954336055897,2.201972645064006,-0.9217659658822371,-1.0966194953008255,-0.611020021619616,-0.5964242283994072,2.0123373226016135,1.53047334914288,-0.5089418145524648,-0.35799217635347
-1.1077932176424532,2.6186926355009863,0.06715808068956879,-1.1488202933380427,-0.4784736021114793,-0.9510624894039841,-0.5715473863044328,-0.14924081397583078,-0.12044679688076804,-0.4149194767131496,0.5562584179390265,0.20589580636630703,0.5696837858092967,0.37189177435647214,0.4657961261741279,0.38002993210420283,-0.1800021232943512,-0.31973304956818294
-1.2743469567743824,0.14946104139881847,2.4687712404114843,-0.6035648645331128,1.9634874383186127,1.556758565117332,-1.2073523848841297,-0.913458905504622,-0.9382230898720962,-1.4569364493414247,-0.08046113007890547,0.3122648066380057,-0.0129914334666579,0.07609707220811325,-0.7765455247100834,-0.14227102602977673,0.06717625333441214,0.3762530054170569
0.058168159471967344,-0.5189733383165385,-0.5185513109359331,1.2156734756681464,-0.06571698119784697,-0.08196768690734868,1.4110854212904846,0.3824333622886826,-0.8183348635513996,-0.6382717845205541,-0.01845397730734365,0.39119303742755074,0.16153087965803076,0.27271563887436484,-0.12046355952676661,-0.42307017992939566,-0.35307361374994845,-0.4659828015263371
-0.3570560625587342,0.4682946121321798,-0.769797220239817,0.8040630828580155,-1.0845909408032481,-1.1368456838729448,2.1613692134860463,0.8972532568600947,-0.07945232242326,-0.34602368856479415,1.9031367628573197,0.5612003488453835,0.9667916991733987,0.8737779066335598,1.050662056987338,0.03663903979729761,-0.9810729430116802,-1.138280022413487
-1.2412830907845778,-1.3415611410554007,0.6106430165502484,-1.3790042760391854,0.1970977769356063,0.3961326764108868,-1.6224476489193707,-1.8848781787705902,-1.1305858454557738,-1.3889123504474068,-0.33220140951152927,-0.7194847003242887,-0.14241300826187633,-0.43565182838320665,-1.39781529985499,-1.5800558709875305,-0.8923438751215038,-0.7957060292020921
-0.9077414651930515,0.8127548906226122,0.8847524925199225,0.9375990586912135,0.7283848128274812,0.748043257139118,-0.2532175965776832,0.5962953137159616,0.37355661405433677,0.5282330428712181,0.6343057439244869,0.8489038775623126,0.4640378948834982,0.36704613494562627,0.008371206946446353,0.1673854463899866,1.112649156196519,0.3559867772393177
0.40508687318043823,0.0372418607869384,-0.3662849541935204,0.42124981144139567,-0.23755081195533856,0.2017492293721749,0.4004121907993535,1.1151288645162634,0.46176826616624794,0.7392440693274844,-0.6827351481186968,-0.2856210453012687,0.2127860171208487,0.2524785919946105,0.6853708590277114,0.6905775311516862,0.20550322529473314,-0.04927684827389615
-1.2671296255002478,0.6827790478551782,4.423436385534814,0.3733207027334056,3.7478744004495534,2.075374587314101,-0.6874905491572789,0.45170564911327316,-0.04118455546012852,0.8377660044806744,0.31731363688054365,2.135316701481387,-0.012556359866144383,0.21702805500324482,-0.3562136678929028,0.21446947480208792,1.6041473063654783,1.3311150222203665
-1.0228111302082976,2.1088158399261503,1.4274505572387908,-0.6435222266229313,1.1424034223680957,0.7848636259687329,-0.3583782247393088,1.1650675474417165,0.5319312940492403,0.4211577379638569,0.6758438536389076,0.5162237769104847,0.6299727266981558,0.4174332800384671,0.657887634834352,0.6207413135357233,1.2476643719392795,0.5881511330901825
-0.9799497050981378,-0.6477434849144095,-0.9887321463997355,-1.7945149555812347,-1.4587890768475091,-1.6836258140947085,-0.6894788080416825,-2.1659658809804707,-2.1738562753537027,-2.237882133530845,0.23482857611776967,-0.7751671189769743,-0.04241290373629435,-0.21064874560862662,-0.8673139957789239,-1.745120328149848,-1.797643118144406,-1.7475461709088185
-1.282639603657494,-1.0294868298238289,-0.3283356175519865,-2.1519244864215548,-0.9462053483890998,-0.6109763663292144,-1.625332365574131,-2.667682248238864,-1.9396923088671467,-1.8529565453107883,-0.2705438669419637,-0.7587478121058694,-0.14298228413556152,-0.5175231247232812,-1.3288291219554715,-1.7726673365674144,-1.4900492137316415,-1.3754801385134372
-0.2895641749988945,0.7746245216170041,0.16476814327620565,1.1675223223149624,-0.0003785072878339852,0.45942535961812947,1.4165367031523814,1.788947585181356,1.0229987750013991,1.1492407755105098,1.2941495789953932,1.1725228529834557,1.0693387912853851,1.0669367910878425,1.5233378012342804,1.4701522271776422,0.607146195280636,0.693437642451503
-1.1420173030029914,1.0906763857587736,0.9948437571365588,-0.6764000876016513,0.5591016845458006,0.2882682448774254,-0.8236947220767644,-0.9174885595301684,-0.31690402608474816,-0.6424368980377727,0.17343922794762712,-0.25751131967713337,0.14153021671492844,0.01706956375740357,-0.3425324647220088,-0.5362913556680976,0.511098754792592,-0.3282401049994285
-1.2101255467716678,-0.2004715930045165,1.5305848711688725,-1.0031576684363095,0.8085329015672267,1.1492677541212641,-1.456906081618045,-1.420426765155283,-0.9286605411098035,-1.4742048257192557,0.01601297964174543,-0.341074592325813,-0.08210373468939108,-0.13032479908770214,-0.7993251682836785,-0.8370974422894284,0.19382045697134495,-0.23203793508597695
-1.1744679380758032,2.8948386166732645,-0.8632844667246773,-1.5939055230702346,-1.3972064411209577,-1.2447160334048928,-0.6315438063344332,-1.2417271336454634,-0.31310863588773313,-0.5948888078587939,0.35183433720979046,-0.6038384532749864,0.44515673559329333,0.2903332096280105,0.5483327180085066,-0.15388519057641473,-0.9807801508325208,-0.40545205567080944
1.1423241430016131,-0.5738746696313568,-0.2322273578425899,0.018708379589973703,0.2522046006627924,0.5080270915609829,-0.45392312695283626,0.07865631851188543,0.2555775698799017,0.7033905638918275,-1.297628436815738,0.3336339830275132,-8.62807265499414,-0.024999298919987697,-0.12858411995867305,0.6828449000501944,1.390532741219793,2.114660338052126
-0.7884364495854532,-1.1851604882435396,0.8488729047300169,0.8489270488384904,1.630267476259556,1.2125224438805509,0.45370293610292256,0.8777805794145515,0.2710909980570456,-0.40876126042928723,0.852932939689511,0.7629866971487489,0.024500524707127862,-0.07858263868279038,-1.342927322920349,-0.4987410642287168,-0.21895769979990728,0.9330360705513263
-0.6724207194290099,0.37846419170170176,0.5069980023415238,0.9321159747452475,1.109662363218635,0.9828645836570019,0.8949898001653315,0.8030729764923364,0.4758186556088513,0.2173860253534316,0.9960783907565399,0.8947893270694033,0.2056910360594463,0.4742125290438389,0.16594716447057414,0.792796313232663,0.7867102306839043,0.524347877565651
-0.09206588579560217,0.544007170689648,-0.41903443704012405,1.337967859283676,-0.5044498048122366,-0.3345196397195392,1.6374588876107428,1.3739014612463647,0.8012053089231465,0.7581364137928807,0.8696302637295154,0.8558003654911573,0.7893977855844069,0.7297712044120773,1.1609324190203125,0.8201496493598194,-0.4435634367121054,-0.3243086233240764
-1.0875942505983887,-1.2709717582570685,0.2562643294137522,-1.371364289743139,-0.4533169932536554,-0.4656171834476237,-0.8209501594030053,-0.9877783799014543,-1.2184753489645002,-1.1237628201600067,0.16915213634645915,-0.18523436464890702,-0.03278847846073165,-0.2224677314645849,-1.2956185490859629,-1.4186947222979083,-0.7618147531937746,-0.9091105262705735
1.704873646285508,0.15767600312816604,-0.25096662791447233,-1.6625404409632982,0.31406868946948213,1.127821788509314,-1.1340087190840098,1.3526624971631864,2.6045683717845263,2.6337650843658014,-0.854867167933058,0.425858925373847,-0.3528172415289012,-0.22070011910894285,-1.030095323351026,2.4351195321259387,1.8797024177547224,-1.3979882711199612
-0.8540611655308965,2.0332524488431694,0.6143850681475768,0.809804970417335,1.0646655028058123,0.15054165625617574,0.33596660295121533,1.075531135800841,0.9598985188475609,0.7326679638211432,1.1351314344107333,0.6415735798863598,0.6387840218407622,0.9028230236685882,1.1325846324955686,1.2460087831488984,0.8470830709324182,0.3902993473971049
-0.7655645907277155,0.7368869864038239,0.0489106120319859,-0.5915737667310996,1.0499567471694768,-0.21160191383693117,0.006944813832418606,0.4121164068952314,-0.24886923181132922,-0.35613480479848736,0.7226598098968016,0.7130123631841948,0.5548968430038761,0.6322778716270472,0.45924525311387726,0.2449906683778771,0.13044823240503864,-0.657525223241411
0.017377131041448206,-1.4014542074492597,-0.20869158519316158,1.0099541009122333,0.8181254884793622,0.5189333880674409,1.0994000437124671,1.0579968831933584,-0.5403243740967202,-0.02687099261321486,-0.2818627053590846,0.3400385382664396,-0.2443575038152072,-0.085731112251139,-1.615574993927446,-0.9546676496834776,-0.13231327015362365,0.18854025149698905
-1.180667444139429,-0.25285239543578,0.29372281688240437,-1.3953242591944863,-0.2671916502816288,0.8095877348487168,-1.1715790641104167,-1.904904005437799,-0.8380812933154981,-1.413127808505972,0.025725514220668995,-0.5542819952957782,0.006528661766644085,-0.3698040381789938,-0.9947088674644758,-1.2745446960708442,-1.080211325627544,-1.0682630023876267
-1.2431778098815731,1.877555605088402,1.7765471751319948,-0.4613813851839265,0.7339816857976007,0.8300469316421394,-1.3087536550744818,-0.7358432052024226,-0.5380108155814406,-0.6800513083558756,0.11050622142301407,0.1462964051077628,0.30906607114568174,0.17176738593584792,-0.2005758039071892,0.08017737418424165,0.014507654510610082,0.5533275211638581
0.23985795524207024,-0.1070473722070013,-0.6622978246997983,1.1968808246671827,-0.749610373115367,-0.6949227634953372,0.6758702475334826,0.3108546744771986,-0.08942498840814549,-0.13903302570727213,-0.4504454668612886,-0.29788269969663234,0.22730420095898624,0.3153709424080486,0.49965927323419784,0.002537254969916192,-0.6589038378727329,-0.6657287399444629
-0.5430853510063915,-0.6021121215072911,0.5286520138866689,1.3741994031186682,1.8646494903510369,1.4091283004170696,1.1283765316845769,0.738099395803331,0.14608146321447915,0.2241184530900189,1.3545625721355419,1.549211795131215,0.3878651994634586,0.3092755986307581,-0.5928935891572655,0.025389449570310366,0.9622540067789526,0.8216473968342376
-1.2977114982412576,-0.37880726174530716,3.38574310270261,-0.011267654838949322,2.557579705938646,1.4513932619521,-1.5928336698632322,0.04298364822367127,0.24064007504638826,-0.3816170709006215,-0.04774548424930933,0.03304185030444501,-0.011059327693695376,0.018454227284173043,-0.9015328365582052,-0.4021189152750104,0.6137176128015865,1.1856926736191595
-0.1691704287321995,-1.0936634700937597,-0.44020268035017174,0.924985888615,0.2520400439351196,0.0660752614329081,1.732610055494144,0.5652007329509118,-1.2257710261601693,-0.7953723124615008,1.223534361282807,0.31418629939431536,-0.024277056230279613,0.027213908731565203,-0.8626565435317044,-0.8594824426847032,-0.1441144861257262,-0.4304586272425787
-0.9585526720853029,1.044115479384204,-0.18990115821007406,-1.0189465481289353,-0.44565921034392414,-0.996675233738835,-0.3271335500505469,-0.7695755090339905,-0.6214153568886712,-0.8853255714304661,0.48295750967420786,-0.22590397801307818,0.28661733384444266,0.2133181859518015,0.33779895630929413,-0.2646810382393327,-1.0023156405154519,-1.1106953876789734
1.7818807499833824,-0.8741664540305997,-0.5791813213350309,-0.46610654849757216,-0.3536168284771438,-0.1293782586738759,-0.9077794594166172,-0.8775074161199582,-0.6575529991834885,-0.5703171762861836,-1.3741599222277512,-0.2649432839318314,-0.529048202614097,-0.47732592243346883,-0.8824057542842141,-0.3930178946193622,0.643921897347708,0.42471171232298266
-1.0798075953267072,2.38116793461883,0.38308708044947387,-0.5932067567823777,-0.1723323533013403,-0.012041614578366833,-0.39391696270175286,-0.07037823339177361,0.3251113885468991,-0.530636830804114,0.49522513633778964,0.11575760204650654,0.5894737406333295,0.5317525553292942,0.7218923408762594,0.15928726421039172,0.14703943579310053,0.3525711500742089
-1.2386106169241051,-1.1382056025173357,2.597545245322988,-0.35740468239426665,2.406687562133179,2.908455730326419,-1.6075718329478828,-0.5909597130581319,-0.28920502750130855,0.19163999106791335,-0.20663167123338622,-0.043844580366576354,0.05562455827616346,-0.02353941870106794,-1.2875670007415103,-0.8255528103017358,0.8722202401892406,1.0122613035315566
-1.1958513969667777,1.3618255159999983,0.17430911573601474,-1.3829230809492539,-0.16449713478355912,0.19486833573576698,-1.18783139892647,-1.3613545500684499,-1.0920564355918383,-1.1553371857575734,0.01835931618020092,-0.4053010443195868,0.15423430497308493,-0.18526217795667171,-0.30446656022688334,-0.7084253191159183,-1.0603554849259407,-1.627453200539722
1.4923659776924894,-0.1911828555498134,-0.4858927249211283,-0.11773578526503128,-0.30209369943817377,0.08681820189346853,-0.8512155188989509,0.1115418987744427,1.2078964402504635,1.1605065170306712,-1.1535096991684353,-0.41683097832262556,-0.3696657854841037,-0.27888829747485283,0.7339144498077563,1.2234438260124163,0.8117349523924009,1.165325300163286
-0.8421733288823853,-0.9621391103252593,0.028626521403047306,-0.24506603231073926,-0.29056446603370184,-0.23761949793584952,0.12911574686728133,-0.7842775910228338,-1.1486766898203284,-0.9660291726395954,0.6251884905562348,-0.10019081816537195,-0.08370047597654011,-0.09284511330908599,-1.124701845483326,-0.9925891367235448,-0.36800424908909185,-0.5060422197894296
0.1467132979418231,0.8521187233696668,-0.6539765344828662,0.7440816707958569,-0.8550434724960048,-0.7069051427876455,0.4897414286548962,0.8901045338838698,1.4910111541586568,1.2551289345864425,-0.33371470604374237,-0.07164802698887043,0.6521605583809909,0.5902488979375345,1.8204332860169976,0.9381568623577174,-0.8251262519595617,-0.7485925038322943
-1.2577743825092957,0.02952528095470959,0.7385255566786609,-1.631198505317817,0.41869028023013977,0.22757732765977862,-1.5046957731057518,-2.185303365466485,-1.1675186213975763,-1.646838695291485,-0.18865723413466065,-0.4986139978699866,-0.01583258021379385,-0.4649570151800678,-0.8642278588133067,-1.1166691028927749,-0.4657849952577581,-0.7798008476624053
-0.2622444332272112,-0.799167197005874,-0.8692382832075668,0.8007157262645658,-0.8181245542915494,-1.0507585588402744,2.246232155414965,0.23131730838707407,-1.6825070534632698,-1.757474352285236,2.0003510417963977,0.20853782117328495,0.085681711749268,0.15303208724135917,-0.4386738082530944,-1.1440038211659338,-1.4066818244279624,-1.4128473435454274
-1.265143112651792,3.015967046222624,3.624417103768447,-0.21370280716917667,2.1854423007153763,1.879095663136794,-0.9271032541615628,1.0638149952049336,-0.10549741534105449,0.11564849652048176,0.4206657577455459,1.7633328414982856,0.5226524001453066,0.6128579947798399,0.20089674558393972,1.2359496936456595,1.1735893379407705,1.1413802002460427
0.4850691549038962,-0.2657424185567816,-0.45987714880369174,0.40133611957536475,-0.5816218081109891,-0.10647060051930668,0.29926826887924557,0.17690640123286946,0.13106852951472794,0.10408532885832629,-0.8027715304985328,-0.2705289162465554,0.0620612249211695,0.14034463389826415,0.27878439420668677,0.18569380222576215,0.02508044580574618,0.09396355278281411
-1.0603264098808776,0.2607504832211606,-0.77761442721336,-1.8432570021279715,-1.1456905607265178,-1.3414316178987133,-0.9162246636706861,-1.9924775614575607,-1.6215313511634544,-1.717231823699856,0.16335566469374632,-0.6994743048909035,0.09063622329351019,-0.12929260505173082,-0.4429995211027916,-1.286758914889412,-1.5970739222169401,-1.7239840491451728
0.348275027971736,0.4263085013453597,-0.0701699922861847,1.650838004946867,0.5614767713384242,0.7351474719922176,0.2670167256509454,1.5548504711194826,1.4016839352301378,1.9033256523048243,-0.6690321119853356,0.8147660490514274,0.4524699559489627,0.45824716246256175,1.4079338979637415,1.568227265475047,1.0238495433571448,1.0747917347803984
-0.6512409222708031,-1.3783638412092385,-0.5559765255603002,-0.022944054689898498,-0.5792638702440688,-0.9592050066868352,1.0536990919346403,-0.0122938694935875,-0.7995575398222325,-1.2020516386161608,1.2089076538144157,-0.24555141524033905,-0.2547487263782666,-0.20339572047479537,-1.3796586728746327,-1.5797136119097344,-1.0878166163307423,-1.2550454763267747
-0.369940081303878,-1.48914987829794,-0.09098898541724743,1.062516753337033,0.6023685786029286,0.21320023027155877,1.8260082574203005,1.024766552170979,-0.06174076271420963,-0.2644648015824502,1.6415366827289974,0.4803632294320924,-0.23323306690869097,-0.1427609412835842,-1.4463552717263877,-1.0664058427525744,-0.073597253905449,-0.3006262740265826
-0.7413254260454738,-0.3405731315115483,-0.7538060215904103,-0.6461491863082917,-1.0550780655739707,-1.2173964731087852,0.4860899655783038,-1.3485824307521885,-1.565526142198203,-1.6711237491839526,0.8738951234687092,-0.44753043153766214,0.11892416564680369,0.12113453050406332,-0.4453915044184736,-0.9997282326929952,-1.3476160887491753,-1.38084882863139
0.601005586238147,-1.2992018668047545,-0.8489836842599111,-0.8792878654390867,-1.2259108447037583,-1.1739890805954516,0.09066476643172806,-0.8171209695356343,-1.1026245360138194,-1.1869862595032254,-1.1957411397506525,-1.2856447142868184,-0.3528894317476109,-0.2845211673780957,-1.7884014112438007,-1.9917327104446436,-1.1797735493060313,-1.156238104597054
-1.3033937373141962,1.9760107939200133,-0.8994814984400799,-2.4655876579474514,-1.3192610826162654,-1.3050839905237488,-1.4945365161074744,-2.3017125885606693,-1.252039007833946,-1.8210305180663118,-0.12005397356688592,-0.8839257689987592,0.07290969444623152,-0.21772887842692595,-0.3375726172294533,-1.1409229636541598,-1.5500683540721303,-1.5553997665197545
1.0101166251364295,0.3450532573725772,-0.605081238348873,-0.2992651757271978,-0.6600223969073103,-0.47536834344346174,-0.5332711762648907,0.3423184520745091,2.080891911533095,1.9915169062656701,-1.0072540898957634,-0.3194498768725542,-0.0503892860070029,-0.004890288541503213,1.7895459291648301,1.58099694138093,0.045636335883395995,0.03197458579446274
-1.183687449205311,2.5068131964182974,2.962488710407458,1.275501143939848,2.6868968701628853,0.15803746289310439,-0.7402913323352702,1.3229317663601745,0.38034309154232837,0.13806692126374356,0.5220570578281881,1.119621985535096,0.4693417301815456,0.40772812533070496,-0.0015129326940768152,1.1470003039088548,1.773861664126675,0.7894435202393664
-1.0538731157718877,1.1371488148190536,0.46652129186509456,-0.5490793505349701,0.10583471462875217,0.3775972317387747,-0.7683564823987818,-1.3604854389157923,-0.25416724621756387,-0.5188714626137492,0.22395192580969392,-0.19815104546291232,0.21345402720408588,0.03055713306659632,-0.09825236044235715,-0.2741286468553377,0.16149314011814453,-0.5838761750158631
1.8079174159767117,-0.9481396767546886,-0.437125710302516,-0.4118186488108474,-0.09732155957455062,0.4699831988209634,-0.9068991893782389,-0.6845265008522923,-0.4200220948419591,-0.013680762185681965,-1.3308914153279667,-0.00567701304060034,-0.6020233093669627,-0.39170754256514917,-0.9876850095886901,-0.11911275470655043,1.065473669597763,1.640193204792182
-0.984588938839754,-0.15410336087653007,-0.04018021228415683,-1.170308683708257,-0.7615236817750621,-0.09894130617233228,-0.5688983274724665,-1.011534639997385,-1.353829589644919,-1.2846482748014298,0.18775076822766357,-0.39302832290967393,0.11404681664755173,-0.030876101695675756,-0.5567943977777883,-0.856604147687015,-0.7113423593662994,-0.7327830130688248
-0.1951058814317848,-0.6542179701467234,-0.5897734918627687,0.8758639275695795,-0.05182342035290665,-0.7056934783662907,2.0193045205986766,0.5170011018152889,-1.0268443378030727,-1.0568471085361772,0.9458839977377133,0.5404213451166212,0.21082097244382902,0.22946023168696755,-0.3064790210399603,-0.6778255282739123,-0.741062417265104,-0.7220994849370731
-1.2717784222606194,-1.453785236801655,3.5277337388973615,-0.24311535528437672,2.5313917570884223,1.8152232105596153,-1.1753564019164684,-0.8385882269740739,0.42855495741170757,-0.18786150457660622,0.2626336800025199,0.6771409537693811,-0.044648823916895765,-0.21005019122641064,-1.4143410410161847,-0.7763962466125297,0.5088607685600939,0.9637623852194269
-0.5693775423580162,-1.1483115593906017,0.6706845765064722,1.0846072051077607,1.576974740986193,1.4369397511916355,1.4657228671730622,1.0362537641197052,-0.09965533089560627,-0.2425818921829886,1.4223360094081772,1.8342159066187838,-0.21384452963710124,0.2445814671485259,-1.0243435921274897,-0.2455957571545507,1.2528354680427747,0.6095036536775356
-0.28828170431696537,-1.03323449249988,-0.7274034253679706,0.7736511000322355,-0.963840754470276,-1.1189170135750572,2.2063959531959028,0.35052821194740336,-1.4190392345572598,-1.4058396549795,1.9638684520818217,0.20431965252554068,-0.06445776776688351,-0.0007910881532748938,-0.9373449515231516,-1.273570392775917,-1.0383698032951258,-1.1915528883320012
-1.2837080323958214,0.7759672149183706,0.5965561339204594,-1.4239328503062376,-0.32141916863432246,0.1786018738361371,-1.6336700347405422,-2.344651917043884,-1.367363192752339,-1.7187156280791556,-0.15490785130837065,-0.5480262914762257,-0.044910060476779805,-0.3671922296353511,-0.679428230665818,-1.1470911624481086,-0.8571080146575426,-0.9281232893936163
0.12042090073265181,-0.04407396074834187,-0.5044564072360993,1.005752533167422,-0.22357958205935372,-0.3693687993648028,1.3985490663616977,0.5452642998762048,0.16032239684177665,0.1488014186154306,-0.20808293302573755,0.525571836640441,0.29544917862673575,0.49400114879624096,0.6104273061805228,0.1840264210377805,-0.2052616371772523,-0.4205442624198231
-0.8685664902415625,-0.8677115656936045,-0.12114160565238917,-0.7347946144480507,-0.21249465522730457,-0.19829783968891143,-0.03410062428893223,-0.9103415228314965,-1.200775647078434,-1.3178352680757066,0.46682083427397336,-0.2547842739828223,0.005636278043755771,-0.04314722809475665,-0.9568621318175882,-1.1294600177291687,-0.7884066676509195,-0.8880417156651177
-1.1698159474044054,2.071931486857742,0.08312466007545809,-1.5471028330663443,-0.01937405638453745,-0.433652510654959,-0.8772372912628583,-0.994712649586708,-0.3746323285224003,-0.6821580682331019,0.08214398505773028,0.050216288773988565,0.22622192885869039,0.23532034179360925,0.06715482251953585,-0.40175631431797226,-0.9058859578010502,-0.26791965434570225
0.32193074218460704,0.37194521569130634,-0.15433127130231158,1.116859173941902,0.3333782527537006,0.6364808709387443,0.4811105100140327,1.133298420293709,1.154625169385133,1.5956221935434727,-0.44493992707787305,-0.563798832581778,0.29497636976496655,0.400677328297789,1.3324142025478725,1.7179085317818166,0.7646749441375901,1.1334469833143281
-1.0862097431925288,0.5349622464194503,-0.6868133703601521,-1.8626094568717695,-0.6836009856411746,-1.2580516660054772,-1.0013799678889619,-1.9895287951699316,-1.2808669025062223,-1.6006036722906245,0.16874996265694195,-0.7345822179411142,0.09145503593653144,-0.12846271820917274,-0.4490745548991827,-1.2075801151763788,-1.5956215280194899,-1.648548778913973
0.9200330165301811,0.16146596337492844,-0.7957188650395868,-0.6927940350889648,-1.1294085634239173,-1.0649632489809637,-0.39903352906678524,-0.15972718230982166,1.3166206506802236,0.975288449176285,-1.126204700442211,-1.0324143972690825,-0.011304351720211978,-0.06590564924371493,1.3369743493322477,0.4768982157714773,-0.6488666559324101,-0.48948315986398255
-1.0140013036680033,-0.28908003955448075,1.1712014186110205,0.23567126907103977,0.997736653669301,1.4784244495710972,-0.5795833114750067,-1.1207542388076064,-0.23097422123371678,-0.2479440640535745,0.3934661681534919,0.4217152567755577,-0.11337544707790725,0.04876398867500517,-0.7294402348500142,-0.371301088835385,0.22239154912011105,0.3155279636597671
-1.2910250548654767,3.130604800948657,3.7737318805009967,0.11198083212941018,1.7094040376727568,2.8692529989510946,-0.7532919093763286,-0.15328983249908268,1.195534964404867,1.0815499796979757,0.540678112999849,1.3466827088075566,0.3030026753778466,0.37386584205983553,0.540610909965931,0.842178432135826,1.65878026129837,1.7549763945969366
-0.9519524830215464,1.8309227781569668,-0.26790752403746954,-0.686567955025529,-0.404944257128823,-1.1427808138578817,-0.16925526446185177,-0.36696531386711145,0.05271316943616695,-0.32682318862311194,0.7870084430816946,-0.10010179098328631,0.681731456910508,0.5089777840014432,0.6786580601788245,0.0823925061942519,-0.823036397230939,-0.555087914087722
1.0360005635445055,0.46109595724131525,-0.5140596507240994,-0.14381115786499743,-0.712365881085017,-0.12296057394209449,-0.6447926190229308,0.6435739459849137,2.476891540181516,2.2262970336623162,-0.8468703830315951,-0.44765715846863036,-0.006008308406274378,-0.10229637795341583,1.946663817843244,1.5341288321083493,0.5407877990516807,0.5658824985960118
0.6274512662241366,-0.5313055083727131,-0.7648503191235944,-0.586103394412464,-1.068952869063324,-1.0069164001799762,0.12222775004017426,-0.40714837953554683,-0.6421564095692642,-0.6309683862379071,-1.1181210971825575,-1.1868793969752724,-0.07510244270459208,0.008882216210966293,-0.08710176247765812,-0.5618827161124504,-0.6066604732627495,-0.6127610310476079
-1.1037983804027636,-1.2238827246104216,1.2505248316285975,-0.6686642390311891,0.695974003058906,1.6522227709144837,-0.729536773347844,-1.0338969692776834,-0.7454052756389777,-0.013403612257515364,0.087813145766761,0.019922227261115914,-0.10222581645589565,-0.25342249138083084,-1.282946238826615,-0.9700820755794277,-0.2473466588968915,0.08661905952735081
-0.7676679090195432,-1.4000695298925208,-0.8445438829766784,-0.8825872991475675,-1.2023512089599095,-1.3918414090731266,0.35350759700565243,-0.732624180119714,-1.438026348934783,-1.6168020521217152,0.8472064188962231,-0.697810844118574,-0.21039436062623484,-0.18480954884468845,-1.4386439503716792,-1.9182613066550647,-1.584875343146401,-1.7379854074705532
-0.3958236204730758,-0.24894176961923883,-0.0068784462722890245,1.0860281159013419,1.4931997432025366,-0.01917042400707661,1.7469342385306286,1.1164805146836534,-0.5588106417516622,-0.06344726962010132,1.80478990603446,0.8437517170673359,0.288379839250413,0.4092822055793216,0.2235841003432065,0.4415927137439519,0.3946208757459013,0.0206526486621267
-1.2450607358363917,2.700382408683991,0.8247808076218984,-1.3167813226792071,-0.1328505538157159,0.311086113936166,-1.086581316164281,-0.6357272523006915,-0.5271170184471397,-0.8779777888377011,0.1727810133704186,-0.0859062806909678,0.3086584947184101,0.2904566874319991,0.139523451372068,0.21797161367460993,-0.21364172081411323,-0.4672243972051361
-1.176312636908029,0.24158860177198088,-0.6220505487997245,-2.101867446655095,-1.2679660260747456,-1.2644354128364794,-1.2043497279272843,-2.401615569023311,-1.7506702910749403,-1.8033491785206903,0.030422697777174296,-0.8313742922535807,-0.010165307729928182,-0.3713781464849836,-0.6959901603589416,-1.4248303705491365,-1.4550792447436136,-1.631495745719523
-0.54496825200878,-0.10823121463169696,-0.39076686557489027,0.43990411252046907,-0.17390671556790643,-0.656822926556516,1.2218757585718174,0.06801801067003518,-0.5601089913865616,-0.8090169969900879,1.3888580536687654,0.5756924382754482,0.30247494763780164,0.5021759500718136,0.08680282824449158,-0.3321734435583856,-0.4787372797508573,-0.6250054443321322
-0.9964157293685377,1.3973048064324503,1.2779454990386938,0.3216424644874177,1.5805421760872707,1.3225688038665573,0.30400514819315383,0.6956774880441339,0.3534409798520527,0.18303642046517152,0.7381601162059072,0.7937575974655282,0.3903807010026209,0.517369280347918,0.19412496720746314,0.9379699752970635,0.5979607219895312,0.7153356884260493
0.7877321017199168,-0.8804830283322587,-0.9927194175388198,-1.0715584728583372,-1.4812905677674322,-1.4575260129939458,-0.13197065179313294,-1.1863247433874486,-1.4346690473107315,-1.6659822289880697,-1.3387559011211945,-1.435028428145227,-0.2514201622414882,-0.24964822179793086,-0.8674066240566864,-1.5165263093334858,-1.402577585413802,-1.4871930849371549
-0.6526520227288188,1.2236615636068453,-0.8100196892083567,-0.001411714851746487,-0.9428702988392672,-1.4073392570978376,0.9126904888614501,0.19993682678034105,0.3780114051081723,0.049677046603596835,1.3918783546992155,0.151167195840253,0.8937095650539816,0.8708745760342981,1.159393831106937,0.19228965535635476,-1.4065105895975685,-1.4118303782042965
-0.8143714843318379,-0.6376361964509544,0.9326133347434723,0.7729606755660926,2.186204375418028,1.2343280489327528,0.09436813805402913,0.15314219307325405,-0.024849632483428814,0.3541197533704303,0.882012919051061,0.5753110870480561,0.04064741264657342,0.1211035073541931,-0.7659856753614787,0.1761082929023107,0.23140339036446983,0.8274811180680275
-1.2004010140564414,3.1702558998012393,-0.7215137496427716,-1.5299361704897814,-1.094757033110005,-0.9170271318718308,-0.6512241141515746,-1.225380297754825,-0.14983247986071543,-0.611089354084485,0.3994253679443219,-0.5201712774292674,0.4310425267061801,0.3666681762582239,0.47848695357382615,-0.13602378265868093,-0.6890073763446231,0.031093398885168273
-1.2365201179431338,0.99891137039679,1.6220137956991183,-1.2032605017818054,0.6023720712950723,1.1016518445561805,-1.034635334727835,-0.7400772589996507,0.08893965971569051,-0.832692645892965,-0.06077991199145908,0.32382111150831283,0.03350863180618097,-0.32230943255632966,-0.26147389691863165,-0.5213965564166103,-0.37167468174399176,-0.23203354691736172
-0.8476397606273068,0.843074151579225,-0.9253814363059237,-1.1344543541010292,-1.3180576964582662,-1.5008976869930926,0.048213675775886505,-1.036892813571274,-0.6701849094897456,-0.9613186789981034,0.7109285992133921,-0.48915642850554997,0.43590869284016226,0.3207081594461436,0.5001334791785638,-0.720531431465802,-1.6243140216454168,-1.7232504009720413
-0.26362892815685635,0.023007910685424498,0.07353383742989311,1.3733367745637437,0.31083516121435073,0.4258350430645524,1.716255466428225,1.2985146545065867,0.09881692161012293,0.6304607187302624,1.3353205323469006,1.1493979639800305,0.6330404124643968,0.632103619457703,0.4732476550658188,0.6733739041863211,0.2885462357920744,0.22342830079032283
-1.1157245439835868,2.336017852945115,1.1365984598810437,-0.5525013986600097,1.0576399673451236,1.1267818558549454,-0.6569477336836731,0.1675603552174553,-0.43849532621447196,-0.4258615740737558,0.4276037320331074,0.3912216463118547,0.4414447543008615,0.1301997541788943,0.3641741754365094,0.37516377138589074,0.5741723960247495,0.013436404225072736
-1.0423434962068867,0.6032583371791002,1.9721386814088837,1.3808553620380186,1.0513894983205225,2.0070161572874237,-0.5385157667243384,0.6957326146305918,-0.06346041559590196,0.13085298720555294,0.4326523205055139,0.5434102029827077,0.163298138294557,0.23126358073889208,-0.09560322843964762,0.251558868004968,0.4826467954781,0.6573265499962136
-1.2607082268347656,2.1937129830659967,2.7085219623955146,-0.3242185388703006,1.5212762780553726,-0.13554984333415224,-0.98020550463315,0.8665347106127449,0.32062147797673374,-0.3031035313895848,0.34470272049560324,0.28963681498647253,0.32102178263038056,0.27575416737566905,0.03952401471511609,0.656548106196531,-0.20633664318733017,0.7295666191831094
-1.061608868086592,-0.5594996150297727,0.11402469251424395,-1.447664422663883,-0.1428392658185327,-0.09740046989915276,-0.800097728711049,-1.9175749585690984,-1.429181486396987,-1.1883925141412288,-0.012710269475067855,-0.8128583962989243,-0.018075566189956895,-0.14150912544011823,-0.8503117983402914,-1.144479395406355,-1.0827950992206192,-0.8672579444634182
-1.1913976502318075,0.9025648476450379,3.098393870579638,0.5155255582960401,2.863249476299057,3.613081148153127,-1.0084573670783044,-0.04359278861903431,-1.1727993958829668,-0.24157431708427826,0.47261718528584096,0.961066664480206,0.10406436817429365,-0.005013340021834878,-0.6263415297303695,0.23137017408716384,0.5582735059197046,1.0805525076859257
-0.06618095552843828,0.26469835439857803,-0.2765872810182047,1.3315521737841023,0.3542217098834491,0.19344117801059155,1.3805633190526962,1.4549882436445265,0.34268167714603937,0.6001289138523835,0.6976493325922889,0.857486612589215,0.6921788207038663,0.6642363888739148,0.8910087651209704,0.7013076158335759,0.11680864009720378,-0.09524347894543696
-0.6460780305973941,0.42765021553629295,0.35798413389700556,1.1146047254342812,1.798242579411247,0.3555790499359392,1.0646949146427813,1.0140295593498436,0.12559863141976998,0.5747420486030417,1.1918428969370396,0.834926732395116,0.6076827195570285,0.5397633124795388,0.44496369862481133,0.6477315180809933,0.3282635185286376,0.3134283556052309
0.3429109698085486,-1.3821131096264,-0.9586996614979185,-0.7860422219256952,-1.4168988934795579,-1.4541867430844413,0.5084766723500362,-0.6045688042932512,-1.3830214464198887,-1.110884456315606,-0.9531000041638252,-1.3541419376737647,-0.32073526829660964,-0.22589025081903982,-1.6992854924013212,-1.940045339726695,-1.527163625243602,-1.5297252392253804
-1.2167321174193686,1.638354951086755,1.860723634405468,-0.0983684669776753,1.0371318413067687,1.2146511834920464,-1.0104143143891162,0.20015836998229858,-0.41338093082953326,-0.10047165388960319,0.011917589430006204,0.015705543411004608,0.0848399405402501,0.036523232960196494,-0.09666328195872892,0.28657795685153925,0.9253770250108212,0.6131013514331795
-1.1547855019257438,-1.498232674559691,0.4428034395355121,-1.175147960455043,0.23935598383462736,0.5604232555829898,-1.0020732068054108,-1.549311852260044,-1.8059196794161818,-0.6567789757942888,0.07932922078868905,-0.5658516943251737,-0.21849443935079324,-0.3308616174713046,-1.5424006830496304,-1.3558500614371867,-0.8803608042430259,-0.9138982239486789
0.043721210971030246,-0.3470497707868152,-0.3511859223446003,1.2039451989014966,0.22841706300865988,0.18216838458423124,1.4298984369093477,0.7165132235080016,-0.3930332096382328,-0.17731420180301447,0.4368406916900896,0.7829966818916283,0.37028349368082475,0.3109703550032174,0.1138060623645458,0.11616591649258691,-0.0369665945972051,-0.17798453013369017
-1.3021240235620484,2.4671746693436765,-0.012775239480786169,-1.6552180133025969,-0.6419379620987774,-0.12513272578644527,-1.310145316155489,-1.6353017908606533,-1.0836217807446844,-1.3371755483184238,-0.061638998906599594,-0.5373982252384557,0.18939673807066373,0.05351646381167497,-0.2067479746290757,-0.6331278666010438,-0.974653235100898,-0.662505612900865
-1.1356215367211144,0.3061150292441471,2.315506489820494,-0.39517787761180123,1.0435579556374615,0.911123372816205,-1.0037257227348801,0.42071142818608476,1.2377277533325548,-0.7078052465833692,0.12741994322598518,0.06369239922521491,0.16122582256301543,0.05626299330713673,-0.5855105619355561,0.17876608131477048,0.03930487858868439,0.7056805450831063
-0.8804030246942186,1.4856868385903057,0.7053228585275824,0.7875652507977637,0.9215990806827915,0.26677975908570245,0.14172483901057953,1.0823448623522975,0.33712000312753887,0.1084464398414493,0.4673392929156238,0.6371760578043736,0.6193764095342863,0.6554329246140542,0.6051161022225557,0.9866383762658905,0.6007451997749105,0.670786564644668
0.305671819963246,-0.9879097130471352,-0.02692209941856301,1.406712076872639,0.8795823042907495,0.5832196243558164,0.5936984865246832,0.973711851792528,-0.0786160573023149,0.1254819336837121,-0.2854216660744326,0.3545557725885214,-0.08819973324228662,-0.003882780945409942,-1.0039586399022387,-0.43755150210169264,0.8990126952739623,0.8340142562789841
-0.582645217188944,0.8161286359198038,-0.5692093101943135,0.4778394514744923,-0.6625828446540798,-0.9211113546933828,1.4073251938343125,0.5332442600232498,0.33005037183149954,-0.07662542304733266,1.417153565169315,0.4362656296506806,0.8278668298141055,0.8886899624741126,1.009087319508449,0.17559775851648193,-0.9256971527560253,-1.0493539484771688
-0.9553915454331202,2.280839668364226,1.4928295276512165,0.8392889783003411,0.9252627561947544,0.8548365036595758,0.12513382464501055,1.4702593024649981,1.5328200962368472,0.8284585340377171,0.9727780751289489,1.0999185959354774,0.5629384728379342,0.7361339878585673,0.8112161035591625,1.5768932983974961,0.7472650155081089,0.6696339265286951
-0.9983042228342754,-0.8248983219950862,-0.8208542990109372,-1.7824743352407904,-1.2258878420000996,-1.4827740975945878,-0.6954393760797206,-1.9618065565769387,-1.9949248205508956,-2.102598674007527,0.2709036720873371,-0.6650681161169276,-0.05435923468947709,-0.2130794350090631,-1.0571959569370684,-1.7706079507647305,-1.543081750923296,-1.7008904609680466
0.9626482297765022,-1.105995483492265,-0.6682830442974739,-0.7391966683019523,-0.8005440782539838,-0.6327122108228864,-0.2809639012056352,-0.8170151324993319,-1.01294882845881,-0.8292058546724511,-1.354392749067909,-1.0772754935784483,-0.369727274920433,-0.30978872121734485,-1.4215657042606695,-1.314337379635684,-0.48441079305039436,-0.10280508096311188
1.2293568024098604,-0.6144842392691372,-0.17947379495429097,-0.1790203250425767,0.14049151344137967,0.7317822886157689,-0.4564913487027787,0.410766372314562,0.4146556876931228,0.90339695718121,-1.2103857353891836,0.24085080287739724,-0.25449691110514416,-6.835663801059373,-0.32554500368985534,0.9925375090522872,2.0171209523132543,-1.477245567768043
-1.082777081079222,0.9899322864076684,1.0380519547433258,-0.5970312364833297,0.5138929411191515,0.4401267582761803,-0.7325778935137106,-0.5036112153557669,-0.9857364766070401,-0.3422758006692058,0.22285956475742394,0.006141259194870162,0.2027567774402845,-0.08719797651217026,0.016827273036082866,-0.27596869371907523,0.5567637926473179,-0.09803028058394465
-1.222749960436229,1.842937491237408,3.639475634079108,0.8119110777773737,3.501683319875853,1.9935543613727709,-1.0629244766619257,0.30109363011484386,0.18221787302068032,-0.20187728552889728,0.5133903946513091,2.0645663502035547,0.2962397422586434,0.24970727726205216,-0.4578503536467502,1.2183625938788116,1.3756904162226318,1.0407377272734446
1.052726670110709,-0.7457282111829027,-0.647420859719913,-0.601619578462735,-0.8086646645877235,-0.3874081583048933,-0.3348457170639265,-0.6182530221905164,-0.6860277917726445,-0.5052206755032771,-1.3151832070720777,-0.9962553199331039,-0.31703842380853803,-0.21192110654204377,-0.5103211840290705,-0.665461709714517,-0.25742635071009756,-0.06292424067951415
-1.1990251932152372,-0.04914161605036744,1.377748907242591,-0.09412071778569024,0.8047958123721713,1.1426968099041548,-1.1170275798297704,-1.2542366031348804,-0.6756633513044173,-0.9519826903657269,0.15014069027008634,-0.03103802329571805,-0.042382376894586266,-0.208968729682557,-0.8518785607386588,-0.7037022361083238,-0.5109914683683817,-0.24061194896941235
-1.2346317492395456,2.7383776310765144,-0.9437000380924844,-1.895248039713371,-1.381546194079042,-1.2844164343434186,-0.9277811512563077,-1.8221765743140346,-0.6640175550108544,-0.8720563629925352,0.32635822967595446,-0.7545360765082908,0.2673834766507397,0.07551590726813791,0.3108140324457287,-0.5661656845649052,-1.3026207761500375,-0.879860424361888
-0.6987092926783005,-0.20447753032617066,-0.7396508556052299,-0.600778176117194,-0.7867928568744409,-1.2525174137936752,0.5155737993378119,-0.8149576136731534,-1.1010410676653664,-1.3288787126334598,0.9885281641996392,-0.15628554943822368,0.2127422178833935,0.2136929618895682,-0.19932372430672077,-0.9141657514085788,-1.3370039164763303,-1.3413997377517293
-1.1142465179895504,-1.1808343524369396,-0.4957499666436633,-1.8314700345901287,-0.9958480842656253,-0.9768436048531058,-1.0731463581673368,-2.111068929988688,-1.5200261922237384,-1.6024243898511195,0.1485542757385091,-0.6707962605893931,-0.12157635509010413,-0.3096236247677408,-1.244536207228168,-1.7969951843545666,-1.5450667714987734,-1.5681920458907876
-0.43197519370916354,0.9466458435323709,-0.1051361581350522,1.0753737484815162,0.4080932032993427,0.006982875514333699,1.4726017389832529,1.5437740697674933,0.784541936523114,0.8074656528604766,1.8284572840480964,1.4380113158625245,1.1549094944855036,1.2571204544462604,1.3820945124246318,0.999458863164045,0.16163528875792102,-0.2763674642868578
-1.2548177659724968,1.2471599300599032,0.9290030121924977,-1.4018786835330344,0.23378375115967384,0.8765291657167231,-1.2389186788260418,-1.2760612529387851,-0.7543542486866974,-1.3111494387398384,-0.05031242371818704,0.033902242421669525,0.021849859084784276,-0.23840572606871843,-0.39488067129891885,-0.7133329178558574,-0.5731059278791943,-0.5366506914351382
-1.043725704870143,2.4761525000714437,0.33978292888086037,-0.026692945152277787,-0.013249636178867626,-6.421506676500273e-05,-0.24326801443440554,0.3143229352108188,-0.19986342881561533,0.0038392494561445166,0.6980098878021367,0.3575968092558865,0.5815335228173141,0.5745879967092538,0.7336580900502537,0.590984489976237,0.10983027509352924,-0.10095150197731823
-0.9753879486513323,0.37670442183358344,1.7278736400376762,-0.1810591228335303,1.6714280203520846,1.7987926024240326,-0.5271503063360862,0.4110627345840638,0.7600522871591773,0.6444101146675807,0.4931552740180274,0.35581781812371643,0.2885419345928951,0.27067399456187413,-0.28495711566029125,0.7395798178084177,0.8541666677681659,1.377169964387059
-0.6155150780363486,1.4972412180050598,0.11774539166167791,0.8841991481907038,0.6055304922242384,-0.12341929698112437,1.2132758846796516,1.5157493108507873,1.0834186181137069,0.9701983205136341,1.6869556476632421,0.7786049144011542,0.9621629288229512,1.045655629890271,1.4096765767078416,1.2302671136592946,0.22946853884925827,0.016637779012350022
0.8552531337178686,-0.4843452326435746,-0.06600595872741809,1.6434221638318824,0.1537787598369239,1.0514817401341052,-0.10971931414155471,0.9815629052315725,0.4523242298672113,1.1550709598527291,-1.1116529510912403,0.030201631929551092,-0.08224523640469057,-0.035939973903011804,0.0023540614078482154,0.7866983990496432,2.165252057254436,1.9729359651849525
-0.21160770308191656,0.6953747454844292,-0.45525754070850644,1.2412978796467908,-0.2985163966708886,-0.13486860468088013,1.6876754420147608,1.197589486371411,0.8520419177736481,0.644650091922827,1.5999448952533637,1.2715236705222284,0.9803792800227443,1.0670146547947448,1.4392880029763537,0.708104100874698,-0.43145523203046204,-0.5213740060186386
-1.0630932819026804,1.6730097473101255,2.21328002339629,0.6658386582934687,1.5277081539537036,2.0611171633217027,-0.32178837031063195,0.7946840898218018,1.340066336820109,0.439396093215595,0.5429096687659084,0.8529254217963637,0.3566203558064083,0.38214985458429424,0.14639904757618194,0.4788812543520402,1.437046331483202,1.068316395562944
-1.228918126247912,-0.18632311434826268,3.400751588208831,0.6530927706005938,1.8447277905186152,1.20611096708264,-0.9678851361980106,0.1856420696472158,-0.48047033988116006,0.6998478050041074,0.40208822013120205,0.7237695971984129,0.16872262242990263,-0.05788045772433268,-0.8326825395067731,-0.08637611558679087,0.11120277509348364,1.5749505138325888
0.2040061760939576,-0.2944370121983915,-0.7073597722216967,0.9716067176975446,-0.6870630291173039,-0.7601059372015754,0.7983292365414268,0.11981379109965734,-0.10503469125823522,-0.6118488645807184,-0.42377597554148816,-0.6636941462198285,0.1702169670272803,0.22656296164927164,0.16146927540037875,-0.3100157093250978,-0.7163400475845499,-0.7126879607108003
-0.4808202770072336,0.2012767698258105,0.5437148953150486,1.202649659399618,1.2474067554435686,1.0181771367982677,1.1035965381842496,1.5493021415236303,0.17057055061735096,0.7019302533150691,1.1959726665076043,1.651334533869105,0.6797049012584547,0.7984622839777306,0.3839265184208206,1.1715543740440935,0.7881634279378789,0.7662293838702068
-1.2153500335182619,-0.4093534853958713,0.6943708519545865,-1.290159043094277,0.5700711851452384,1.4627633602473502,-1.2543018921028593,-2.031684236346655,-0.6221702875991797,-1.2110788927328409,-0.11968435306807253,-0.6246247899838866,-0.10015876318568803,-0.3989714210184806,-0.9512568460724589,-0.9607973406272386,-0.6755050922092559,-0.7712268924953833
-1.1528906206379543,2.0289256864058918,2.0756073710899647,0.36811642585216076,1.6756110969598719,1.6839629689222477,-0.5606568320097549,0.06936196817721157,-0.06748738186557711,0.44366692669540153,0.3490203510300568,0.5281670309869918,0.4143612112086715,0.5062427769752954,0.044348914700402524,1.4662459978802032,0.6825776153611264,0.9576606703405082
-0.8063088239950285,0.5855068789954985,0.012657272960921392,0.09615070434202053,0.08321247050895107,-0.3714499293380831,0.30314653627378607,-0.001977627625456739,-0.3365417253058839,-0.4541904864466205,0.8562891319034279,0.5577173795904325,0.5113780551295704,0.305785025246606,0.13475184362722906,-0.298512087237865,-0.2279834367363707,-0.537859131610734
0.08446114930134854,-1.2294003007386785,-0.609813836491416,0.0858088143994662,-0.3409327609918769,-0.6002463814373515,1.18923648865889,0.4183629919297663,-0.6499663333230765,-0.7241519333589929,-0.12883846689540615,-0.6151045178870435,-0.2074281966794983,-0.07558966782319154,-1.2419073626298447,-1.3278541160107697,-0.640641572742056,-0.7212870765980405
-1.3006397345081095,0.7380145642474798,2.5524830614784015,-0.9302683218584811,1.3502951093380873,1.5789402990653691,-1.2282993466803855,-1.4679293443682198,-0.918993134037466,-0.9655355724760734,-0.24752624047641708,0.2566956515853778,0.09081508430387786,-0.3945194441124273,-0.7127912023780364,-0.43469368206648235,0.14390581996403848,0.2951291294873964
0.7454021696045356,0.11713377670597618,-0.09526600902337168,0.9240758384098693,0.34887231075017566,0.6872614218157294,-0.2567060145748572,1.1973219859132167,1.384889683174364,1.804822293975843,-0.8917066446010953,0.40154389542417573,-0.017245762641548545,0.20514639656740127,0.9836471964328775,1.8093454084276874,1.1672515398785246,1.6973769960088836
1.4235853252002808,-0.3734385789406162,-0.5300544220164898,-0.29871815745398084,-0.3818648853473219,-0.07538176139490595,-0.7012422278968653,-0.08239212079322474,0.4535015729563112,0.8908936388291082,-1.2572058101515138,-0.30405521004393216,-0.41812727315460396,-0.26660175020181476,0.40683398678201205,0.6979632380134202,0.5039063457219995,0.8234614646946752
-1.0519847595445144,-0.6038815356131758,2.099332577225533,0.26672583751079204,1.3299699988733715,1.8629073535924296,-0.45393514501961174,0.442880836689006,-0.612312164425715,-0.4750697164025646,0.6192091947462853,1.3031083645488433,-0.00860520056368273,-0.17786348638026545,-0.9343325385913688,0.15575310815355542,1.0881355570336924,0.7587947580919031
-1.2506174579488725,3.38898450999648,2.8350645945890505,-0.7133433727658138,3.3055487092898654,1.109848359364029,-0.567609484633806,1.3049954269217996,0.3116467688953607,0.8637792561367493,0.46444535099560497,1.5970231547111322,0.6719121618841546,0.7984418629051241,0.48794238476834184,1.4286240138576694,0.3827717413952478,1.0610809880329477
1.669003053005258,-0.7226384617824545,-0.29512478016951926,-0.347307922463108,0.11893249116239846,1.0018606491044368,-0.8689963501138245,-2.1270077374217164,0.19086320869836176,0.6448956713036609,-1.2545504285231197,0.9754416898269498,-0.44043664491536,-0.2537826293098865,-0.2718628148405054,0.8604936350058751,2.045583986473255,2.234596300104552
-0.13449023478663588,-0.9215893545438388,-0.3748752838889883,1.084348817997501,0.23508188084769957,0.15401755984772278,1.6504230235023847,0.5597530268964519,-1.109736695628023,-0.653610870818956,1.046537476813343,0.6231365201563025,0.11987964079267692,0.1262309719853191,-0.7036810743126912,-0.8139185420928671,0.015050113489089823,-0.6597563374211111
-1.018819686499073,0.8927552674998799,0.24029865361460973,-0.657228909372132,0.30322250139977014,-0.1854161730104357,-0.4279813060242391,-0.5568887681561611,-0.41304413627850367,-0.4066477252132003,0.43837979284171813,0.0784141971521226,0.1871858285495772,0.09571541500840729,-0.10853655929093575,-0.29958581213626556,-0.5791126734898835,-0.6527799367199638
-0.6101685707885354,-0.7586331069913836,0.46284687026043303,0.9143676060098851,1.9759126451211655,0.211033548851787,0.7771430741147619,0.23309914580331562,-0.014921220070719813,-0.34373320846064587,1.1140800069233998,0.5105071858763102,0.19695316351711056,0.3148403797855741,-0.7423683866139097,0.03639838674784667,0.6622499264793338,1.293934616065923
-1.1382301697897117,-0.14768203644518282,0.3087892431510987,-1.3761813809966739,0.187531934087233,0.7701589437015522,-1.2032570816030286,-1.116890889964745,-1.2980153924340594,-1.25435513829613,0.05033245386427171,-0.5493614436144837,0.026549632660595932,-0.157382411269559,-0.8222163005727356,-1.211730615255907,-0.5655962855933305,-0.8919364200274768
-0.46004864857812455,-0.6426737832715786,-0.9350131636284511,0.20093106735888397,-1.2165778244943157,-1.4643643509157205,1.7613959956005825,-0.14461364535848512,-1.5595178831857213,-1.9306170905476303,1.6687443777606974,0.012148950466729102,0.15412995643358673,0.1481093393404271,-0.40183565876916716,-1.1729649002732083,-1.5172785862479246,-1.5586576717507958
-1.2855965133853442,2.9991729328472223,1.7624533835389262,-0.9622594003787299,0.7717112684306014,0.9757810410439208,-0.957267060360308,0.5615160233673924,0.3285563517050462,-0.3919826638048925,0.15175300363575142,0.38086005722423694,0.27408891086831927,0.47163398679157303,0.2241096666239676,0.29867604713339824,0.09684258343689184,0.5863520249850143
-1.1712938361600773,-0.9610208438218225,2.1823873169608206,0.36324659711568974,1.002625426107245,2.139870521761728,-0.6789529474007687,0.41288509872798107,0.06775354853397175,-0.7624132364636069,0.1452309001422841,0.18453675361434227,0.013538551147216714,-0.18571294097804986,-1.04109736938678,-0.8058529841903702,0.057980295602414106,0.6014533143917126
-1.2141043084084004,1.1897714526317478,-0.11012199688939572,-1.7154291120695817,-0.6562027058690877,-0.22007768986143975,-1.2665169929225921,-1.894636352341962,-1.2541705292587242,-1.534566974517123,0.06860199592447436,-0.6525406629198071,0.058444076281688705,-0.15575703163691762,-0.38739598177032947,-0.9669075723341661,-1.2043099506715886,-1.2523958236416821
1.553031806793203,-0.019289366292595887,-0.33259857300752954,-0.0867577210151546,-0.005073192043183323,0.48332246052331196,-0.8853160871758292,0.3144046859910537,1.7929118102982893,1.8898960993850757,-1.0471059831385237,0.5251695717920558,-0.2824913603403642,-0.33470141347201365,1.268735551597305,1.8532385519648191,-1.6495359482638465,1.9939440043727628
0.1730513643358018,0.5983500321000662,0.12637529845665704,1.3515208131806866,1.070882725755729,0.8974811348826558,0.4801684048734333,1.6515631369107384,1.4856641218238642,1.9990398786624504,-0.05712709502614892,1.6226393193132709,0.49019463169888267,0.8872371781785288,1.6307572058918847,1.753267017555344,1.6503086988785702,0.9803049823414406
-0.5027794383606455,-1.5296914682983482,-0.25693766815089,0.7171582340592936,0.5751233608898311,-0.5126787992567017,1.4712608509741936,0.8968704054172553,-0.32268649670613575,-0.5082126237498149,1.5083915907945507,0.24404280030670827,-0.26196265616909664,-0.16414000012176708,-1.5905292649416296,-1.4362303228894158,-0.47759803434054826,-0.36703198539159965
-0.2356448528917631,-0.38113038727888676,0.34938086900972326,1.5750842097202375,0.9785537728938309,0.8470042121438838,1.5428190534990929,1.0932022090382874,-0.19550191421588448,0.5672151292512927,0.9203995703369144,1.2181523440254944,0.6382279081695463,0.3572372003597891,0.4122392062056887,0.6149208158585997,1.3970804815636053,0.5287293152476011
-1.084827671767637,2.583593102841127,1.4124419605218939,0.08365039316293961,0.14465344787304893,0.9033011233437733,0.03553370055434127,1.3259246877004036,0.469743133903247,0.360682170937054,0.608785232317542,1.0375906978819645,0.5301273015600152,0.7300970445830485,0.6571093481858326,0.3321501746069665,1.0928499629860198,0.4168750601040771
-0.9179145926928524,0.10427712166853557,-0.9745805252548696,-1.4982228489595069,-1.2437684007876413,-1.6066439202665734,-0.47261288778040145,-1.7517355851733898,-1.4869778484280791,-1.6790361221758636,0.2657310649721844,-0.7092183600949725,0.11115257843507981,0.03050497765169456,-0.3780263431499835,-1.219737451615907,-1.7156303798878703,-1.7277571536139862
-1.0125170270902795,1.4417243640209028,-0.46115433391700356,-1.2228027447842396,-0.7742397982473225,-0.9328447697592344,-0.4744194324758894,-1.0279892500415793,-0.14700518446664693,-0.768650851592342,0.4057550811235662,-0.5454270533318266,0.3587789362032593,0.08689660787639585,0.40440209637597524,-0.4611765172518796,-1.0022708139642582,-1.2322568104578002
0.46711589719283014,-0.4376158556323287,-0.40862103072424605,0.5108748601723048,-0.2271860732514736,-0.32559621976366176,0.33204000841170506,-0.049164949043013544,-0.40247622976431663,-0.08777901239088183,-0.8673135575357251,-0.7383999980332149,-0.001531157452321507,0.16514307403417672,-0.042838406409412985,0.09680693497333336,0.32282362233321804,0.1661707423820946
-0.85069552876333,0.6397714458401317,0.8065440568932659,0.7335587035931367,1.617949911978616,1.6164203350217448,0.3698433647384189,1.21051335560568,-0.0876333425856381,0.22216795769095998,0.9084324542270826,1.0448008409039629,0.4116695080276546,0.2865338183494652,0.05690056585219392,0.5258716711677588,0.5168163419805835,0.4986369623656543
-1.278893367476805,-0.3417014241058204,1.516441034771364,-1.2218618784663977,0.8326076964258795,1.730677267710423,-1.410605695703469,-1.8546769866334891,-1.2265794119356614,-1.2994364135259768,-0.12921257458398824,-0.23861180827028208,0.020395572636749678,-0.3390310162597133,-1.0443833103248483,-1.067022459322918,-0.7859688157715322,-0.3353522584866611
-1.1056931244521888,1.798843580883462,-0.8482823202270193,-1.913903006284626,-1.2728757229788463,-1.4431735207198368,-0.7108953344086566,-1.5862964066926513,-0.6343611036354458,-1.086208142968143,0.2545162288464543,-0.621458540992447,0.27157142154402325,0.10347672348031464,0.26367117862289235,-0.7045192605132078,-1.3798911481177203,-1.453400801825814
-1.2465451371762648,0.46695066556945897,-0.34157197482898355,-2.3718724647735363,-0.9428759244907762,-0.6332082920781047,-1.4703387664286691,-2.214129918027625,-1.5908852645648794,-1.9095723096505344,-0.09044582104261954,-0.8206791284360014,-0.03176861449867579,-0.3624302269474632,-0.7260045830707491,-1.3324075590357203,-1.3520750060819355,-1.3797265656250268
-0.35158636204549665,-1.3378097185952862,0.208019580984142,1.3939666470638516,0.30267971909551095,0.13470409552780085,1.76197746383083,0.9660570820965739,-0.23895456200744197,0.06310831960118471,1.3124336648657635,1.11797308324819,-0.11945034945684696,0.01991585279791216,-1.28476198361742,-0.6138200940277377,0.48958668803147787,0.4005128443676003
-1.1269733395454367,-1.0781211200338,2.136048698674989,-0.40251298654010725,0.5941179699437423,1.1804406889332784,-0.45507482328436616,0.3553646002013246,-0.13926951386334235,0.1818450213957125,0.32047656905891,0.07444726882497657,-0.04595302197513775,-0.14029562069310422,-1.2279063896116147,-0.7235462912189958,0.15502283831847838,0.6599466292873607
1.590810780625813,-0.21852588514953278,-0.9609409319660974,-1.132404798244573,-1.3404695396402162,-1.2409254623318788,-0.8362372988377993,-0.8320454595856945,0.9672918492393355,0.6391721181204882,-1.239731619192281,-1.3139505274845265,-0.5358206864985922,-0.4528663795372739,0.8196251512473588,0.16374970807191563,-1.0990247156644193,-0.8465961494835962
-0.7315127769431423,-0.9259768805745958,0.4855700751511036,0.8156007852823527,0.2791812067387128,0.25162484848309746,0.6756573020821165,0.34055421933263824,0.2480709956644437,0.10152401988422602,0.8419341735481765,0.737863428168884,-0.05492108282220253,-0.07834080054942605,-0.9339251049623624,-0.181231441306119,0.44642930418386556,0.024014686959291105
-1.1601386122103172,0.05348074511347371,0.26347509761749177,-1.2146826075091302,0.08759070425033515,0.2358385448745098,-1.1685471073855738,-1.7324921740928123,-1.4544599427527514,-1.4012095196415832,-0.01901538562614696,-0.6375281840775149,0.018315846516834183,-0.3312642939007679,-0.6534421165361327,-0.9814494814490152,-0.8368531300216707,-0.9081184101946915
-1.2219879880846578,2.8820762597616394,2.5047386429318474,0.06906813060863816,1.2740772649280727,1.4855195048534822,-0.5448017328254549,1.6803082833337906,0.43360708059410674,0.925757063442609,0.341722391610295,0.9118049495210614,0.5156289796462877,0.9639134067973804,0.5340136773167659,1.293874300251968,1.1952522517985893,0.24152141451160675
0.35154475071785657,-0.13808000323408717,-0.20171014730576767,1.5072176115289484,0.05741534770535319,0.1649088185617612,0.5131329654278011,0.965318061675177,0.5009301981636988,0.5924278844973165,-0.6191296707175256,0.8567715486896468,0.1565701688618794,0.3490399598266134,0.4189943886599827,0.6358886296354098,0.32444794773241975,0.828366398873769
-0.6414287846932842,-0.6286931682035324,0.0709117746545969,0.5631371467154656,0.9426220514045925,0.07732581587742206,1.1706047729560298,0.13838285278643292,-0.6438359047773864,-0.6596905287633049,1.21425660366118,0.1825118805177387,0.17037332428238794,0.19271851552132158,-0.4924323890873097,-0.32749763436684876,0.14389755652906477,-0.25322824246946474
-1.1999248031700855,-0.31805604422122813,2.927890318265887,0.1777866306652905,2.846174256322976,1.7205327996054516,-1.1365050007093198,0.11670653432239318,0.26430280892296504,-0.5170290184181883,-0.08955969462996974,0.5463897877757883,0.13287128681084684,-0.28390684978477504,-0.9359442705941728,-0.4591806550989257,0.28193164646155044,0.6731607949512597
-0.0705211905407817,-1.1227460264533924,-0.9116089045546907,0.7104402265493927,-1.1988800150494021,-1.0844408921550257,1.8248085713568571,0.19087289668219712,-1.4741819515364565,-1.6221932623745876,0.47520040967021976,-0.18235964971727553,-0.1433261712552265,-0.04680603338828041,-1.029569575765337,-1.6570369852354851,-1.378018023352675,-1.5511019496231804
-1.0370741824199938,-0.8043990442319832,2.1441831410540106,-0.028860225092154492,1.9173741188108855,2.4400302758747725,-0.4120529892695566,0.26474290398134864,0.7829361441986699,0.18765602059845068,0.1157775348691495,1.0821005434992543,0.12294929900224948,-0.10362293862081337,-0.9441463335399403,-0.09047876379747805,0.9046544599908475,0.8906639458384362
-1.2610441052554162,0.5943153089316783,-0.9959429007021406,-2.4814709624804827,-1.5828749424345938,-1.4945244803726125,-1.4952266216587526,-2.7338143145255605,-1.7210257956712514,-1.9750870126527997,-0.18599966488532538,-1.08004371293758,0.014330987998645994,-0.41551520844170237,-0.7118507839922076,-1.593368509008542,-1.922529850204666,-1.88627641267607
-0.27205657080473,-1.5485977040134382,0.36948300507051934,1.7071562274567997,0.8328668159424231,1.8623378941808537,1.2870216552203062,1.3500484075723798,0.5396293481978609,0.3453691597735807,1.2669142327124536,1.3541678700723052,-0.1869723948025994,-0.10916076009467562,-1.6158954134834387,-0.40455144938316484,1.2081574251707425,1.2490918964619024
-0.8389015101321539,-0.3974292127461381,-0.27784680448594967,-0.9002841602204747,-0.6643257131389293,-0.3091016792859033,-0.1895088740291355,-0.9677903507261194,-1.429945222626826,-0.8576072321972699,0.4858765768188938,0.010215442395783769,0.07466927898595659,0.16963468396672254,-0.5514488032444862,-0.9631119480107174,-1.0625419383792098,-0.8348338381417881
0.6997136996878918,-1.2456706879433996,-0.3885103314413571,-0.2965143586149875,-0.3343887344006188,-0.19024916529852157,0.03805767651717057,0.12250817677780024,-0.22708455081325113,-0.2718770807425756,-1.1605978938586008,-0.7515687516303493,-0.31116484648830567,-0.25491094177245743,-1.6579688532311296,-1.0244222578822817,0.44049265483700945,0.8560973632627906
-1.2287986789660255,-0.553123559769301,0.8630945816504315,-1.5101848550379287,0.41126666788485444,0.4938959457356491,-1.025934805888742,-1.8869549689339498,-1.3287844152640282,-1.1274215483734107,-0.18554255821096796,-0.08674161366815322,-0.0064340847652526005,-0.30958190953478526,-1.083351466597198,-1.2579620049526852,-0.09555502409687991,-1.0352199198122676
-1.19258208593575,1.926214333894784,-0.4234084016028491,-1.8564034774674554,-0.42895093105924387,-1.1563888086127316,-1.154777588911329,-1.379273074175,-0.7499751012778506,-1.2204504385256707,0.05013014833205469,-0.8047621768164079,0.13697159650483692,0.0690944948923016,-0.044371973187206946,-0.7363038700859947,-1.1892976312889496,-1.2934607307733128
-1.0765371739125498,1.6525123494390548,-0.885453126527482,-1.7953897191620904,-1.358266523518695,-1.477344601623777,-0.6723253475483697,-1.5347038321562654,-0.6483689062203472,-0.9666830526507817,0.27119037722602135,-0.6175723909449445,0.26477364064497805,0.11479399595252576,0.18987188798855828,-0.8185650572188623,-1.5430661037574283,-1.507174973600325
-0.9294742518643878,-1.5046093564508398,1.552815127785142,0.6015926624791421,2.188740448144883,1.8917851475379088,0.19818811971057715,0.6945687004296272,0.05668462050649251,-0.1433563739938079,0.7769085283147662,0.7049680337117171,0.025033166543575975,-0.06136717466936657,-1.4414028061903286,-0.5620875695565409,1.0546827450376988,0.625758128839248
-0.17898307783453107,-0.5085011402902087,0.18642939046599266,1.4942168358291594,0.6357280348156353,0.6984823013239031,1.2032991188737077,0.9983035456234031,-0.27126980321623584,-0.17207410388417438,1.0579318142598302,1.3469531555030092,0.5960290295409777,0.565355266135755,-0.2835845320475294,0.39613011599889963,0.7260545473295016,0.9087596638623858
-1.3009835041347133,-0.9435968099581634,3.5751054696148508,-0.7325086015388705,4.022800042597562,1.5844121918283707,-1.4672945038167777,-1.005466537233932,0.028993625514702987,-0.4388239582549161,-0.13148467491113522,0.7138260968908791,-0.02098250866573115,0.016860280177076137,-1.1257488218156109,-1.0433764557070984,-0.43431238241214354,0.9606745530425645
-0.9618226817843673,0.3150586841222462,-0.3207865047662289,-1.2533152828814684,-0.8465905519114421,-0.6765193124743452,-0.5825783077985375,-1.393004650842162,-1.1110439123948508,-0.9518335052366038,0.3596510849359207,-0.34562132416192287,0.09190150461415178,0.06854212328098917,-0.3538001387878048,-0.8299612412753735,-1.0146077027341602,-1.0514440980282589
-1.1839394625090993,-0.981589060750522,-0.7998553044492386,-2.2628154959781153,-1.3898375570947432,-1.2477302655738942,-1.2519124160790254,-2.3776311935930043,-1.99623234097703,-2.0404830195251193,-0.06077850087000492,-1.0159809153873292,-0.10014589402973732,-0.4334414981629339,-1.242700220643062,-2.0370612763039797,-1.7511024549447138,-1.7369226088388925
-0.762295067601034,0.008230451486928926,-0.5486645556409151,-0.731488537579154,-0.7337616251736138,-0.9746657934382673,0.2027639156176668,-0.8500942281970945,-0.8657718194763153,-1.1821632113350953,0.9108556124459171,-0.1799284363023467,0.3182446079438598,0.21550754155388127,-0.08685564029736252,-0.7194588424088223,-1.1402585153665896,-1.0800141055751766
0.027189468238406154,-0.8160504681773165,-0.048727983043849024,1.2446579537729938,0.5567095200643767,0.8394981412937053,1.134992569352879,1.1885472828874903,-0.25760870323765583,0.114953557256182,0.28279233967523354,1.1852180339214642,0.04606527657667703,0.14838556430558428,-0.67344362257441,0.2078098311397823,0.8483021839091003,0.4053966161462714
-1.0994664046447136,-0.16817943431625407,1.072845966464919,0.17085732826549122,0.6627071705186306,0.02009934648702196,-0.7932479155988609,-0.8513196592273988,-0.4108238496455204,-0.7829052678307035,0.07080525939338726,-0.30155799320239224,0.02035186076529624,-0.09215810849803166,-0.8173734057308473,-0.6657666918615216,-0.0779681961054157,-0.12490266647723036
1.6119893800673846,-1.1099092767310574,-0.15846623717049932,-0.06598517113876062,0.5708126798013362,1.0958367275982375,-0.7672111365597128,-0.10078271421633962,-0.1577247757870783,0.7852824451995907,-1.5117016841582382,0.44649033769132584,-0.4340995609846849,-0.4262745732469965,-1.6877663915712493,0.28499235133753065,2.6894318543089764,2.7070585528830833
-0.15730929742177902,1.085483644203364,0.2765829231550856,1.5591010285447233,0.9700630582161588,0.20742013075983018,0.9225298987572775,1.7721534255824265,1.7015147060514901,1.71699896109642,0.8889074594248718,1.1359247379377624,0.9313537172285501,1.002263153390252,1.734494654314727,1.7268519544426129,0.4732222198894808,0.9021314211370758
0.5035825790707388,0.08691926098349938,-0.841447513616635,-0.4506407036882844,-1.185551773790846,-1.2348921467734095,0.15503300213632723,-0.003305197495250781,0.6031369076793772,0.24834647400369156,-0.8784884303579807,-0.9985081362084653,0.09269251034263146,0.1778298331089161,0.9564569251958284,0.2946582409096328,-0.9877525612548846,-0.9748703962460079
-1.2834232815040165,2.0518017204765493,4.410345596082732,1.215622257866272,1.4098497857138155,2.0197249841823,-1.259846858184143,1.0945313778772416,1.5280928468092365,1.0780468018788352,0.1730562911726768,0.7910759460062028,0.15349051956362095,0.30417947491668695,0.18310097738579156,1.1404026983188749,1.8918595508583473,1.6882270595830406
0.925201422690596,-0.897774333985603,-0.6270979148608602,-0.7147136770220693,-0.8883724249532325,-0.6361589770389027,-0.24116552704684074,-0.6044552778202166,-0.9813432080715074,-0.7806484276576614,-1.3208043151878375,-1.0484120464422257,-0.2531086399137683,-0.22995585794970447,-0.9276654533976697,-0.7522438895093043,-0.0949062361968508,-0.3223623095863525
-0.10187603965494499,-0.20574346626513199,-0.08345394078207102,1.5137992749520113,0.7838252866568027,0.5190158888359531,1.6812889939899593,0.9469745820995764,-0.022405633971730766,0.11025367618989419,1.060977222765604,0.8682296288352795,0.43053307418980347,0.5465406355921663,0.0543807218467959,0.4057439436538122,0.43691304194182085,0.39690136345002225
-0.9241532959047823,2.080955213387062,0.9522884426583823,0.06342444009451254,1.8924671744414996,0.4898036044414438,0.11149634040880414,1.271096056513672,1.511556248707797,0.6879363082197028,0.8397034607979068,0.9153009558277319,0.5927894675109375,0.8130925443135374,1.102190466996056,0.7475917585716574,1.1951418247466838,0.34858899233204454
-1.090865158584929,-0.7065032701463395,-0.5164148287277176,-1.898486850195269,-1.1297187753432347,-1.0033772445552949,-0.9535784778952834,-2.1098690395910706,-1.7721383078293849,-1.9270372825212594,0.16583363348947167,-0.8286175824027071,-0.07248636615664686,-0.3172946599000799,-1.0554242235570854,-1.6156978160603506,-1.336557997733314,-1.4387788068909337
-0.6691509093493847,0.942852706072253,-0.7607735164392335,-0.3586608010944119,-1.0721197319797304,-1.2676629748268566,0.6710599341575674,-0.010828725787182369,0.13613441592638748,-0.2369764908760418,1.152632566431066,0.15590527390258244,0.6283123156759689,0.6671991345545318,0.9567819767410729,-0.11337651631410288,-1.2556204594733325,-1.404252373557267
-1.2068551378337251,0.5285049054108203,1.6912495454230512,-0.9576199836851302,2.0373954201424236,0.8672893967589727,-1.1620837914698754,-0.890301392010067,-0.8096702970252586,-0.779994595890763,0.23001978115258592,0.48933875963011314,-0.0786369232591804,-0.14933618710584254,-0.7302208708625728,0.22459778120388907,-0.05107434621453864,-0.026967848180472823
1.5108283990926354,-0.5008119951323162,-0.8090422307696364,-0.8730747181919674,-1.1110837467075823,-0.9344027156711904,-0.7430537258254222,-0.9587094951481674,0.064495285074161,-0.1670874889973484,-1.3096449517885806,-0.8700050022153102,-0.4287835504084011,-0.39457163596949757,0.19801039144659913,-0.07377790251783252,-0.5279540396728839,-0.4183573532348024
0.12885471286881625,-1.4311997390653723,-0.6837398200407999,0.2527401758563057,-0.5325769375442294,-0.7460927168612409,0.8395432867434158,0.4186713953584545,-0.7609138117018391,-0.49728995918597557,-0.47199078688902607,-0.8180019232336078,-0.22635065840622742,-0.2155331089297439,-1.7525308241280142,-1.7139364968183892,-0.5994632643316667,-1.004230939673884
-1.2924524523792649,-0.2800563130251605,-0.16766026707286064,-2.2095319981959425,-1.0078155711646317,-0.5688739274786938,-1.7211186380490862,-2.505218554486014,-1.8642254719500744,-1.8434085814937813,-0.24473403232353408,-0.6925681371841494,-0.09224617817843099,-0.4974780713512,-0.9881865279968077,-1.5602598020594989,-1.3746953306956564,-1.2856969241452296
-0.29283398507852,0.20983450343113985,-0.43300631392904304,1.123671210768564,-0.1682121753729084,-0.5761291783957916,2.0643039896666004,1.0118567593965238,0.038937237571491146,-0.1948547595800211,1.8384663530531469,0.9732761994766091,0.6319825612704795,0.7823499539997382,0.7342759079914231,0.7313448281678052,-0.6102161651669002,-0.5563213355845279
-1.1452873251782707,1.8194124244428387,2.2334903118400145,0.09405368300467458,2.6988357701818777,1.494962577853526,-0.4592392942134619,0.4433286768187434,0.20044739818441892,0.5764235230392742,0.21569039693842212,1.401406036111431,0.24857069142149799,0.029052157782855203,0.3659752542314835,0.7984737403442552,1.2986751500098461,0.5523708140814373
-0.5615509787937785,0.4030801245942369,0.03559400235053557,1.0780031659744824,0.7623030999119932,0.0845430186515514,1.0322331294730174,0.7655426926369636,0.2648479593072312,0.2648776015695695,1.3519774439158292,1.0737722878576965,0.6420610610639125,0.621353967770129,0.54072516481556,0.31816557895859565,0.11923277483907913,-0.11503836540053822
-0.20283263527645987,0.5660714634646156,-0.8767733417440776,0.8538236123719187,-0.862885805077959,-1.3011005937322733,2.015347945163406,0.7619408947648452,0.39992276620619627,0.10123062337148464,1.8146249070394955,0.5919504994190098,0.9200765102985633,0.9418786399794676,1.3394102435784307,0.21435694716841336,-1.2275882790881782,-1.3095134768860273
-1.0260808404782034,1.5443467251847438,2.054150244146287,0.5688673966190518,2.513801014846391,1.8720242883657858,-0.22330979337143728,0.8122809157644828,-0.12819124810645557,0.3799962005306945,0.8666073803974726,0.7814677344896136,0.4874549700644678,0.33956212888836923,-0.17145933856380446,1.4326107392486978,0.6777175787893142,1.4924429028770032
-1.2769399665028145,-0.0666509891793781,2.7759898376986016,0.002946037855090809,0.6549158149699584,2.3462116729068407,-1.6551325938649195,-1.1638464465780938,-0.6811154796588571,-0.8553067994871667,0.07850260721682516,0.6453497817805961,0.1232061163210709,-0.23199763346122573,-0.7587654961303962,-0.2766050845381091,-0.1365874156020292,1.020896422631438
-0.9897620422950958,-1.232905824509065,0.7168497825942514,-0.5685559020889832,0.27972737012212,-0.23430185927540417,-0.40236992365426993,-0.20033176965608807,-0.42538346781936165,-0.7581664012063226,0.289715015616294,0.09004947096291294,-0.1447028340653418,-0.03637278454732992,-1.2937911663404218,-1.1896506018840218,-0.33101044264389723,-0.10611591518132986
1.8165556134661107,0.13099344226221793,-0.7223728799216603,-0.7520428300078451,-0.8205397672093715,-0.4850733199015749,-1.1156790229189775,0.11486462236450928,2.3780005327537643,2.1253972834869397,-0.9281620247690284,-0.5877312850233373,-8.896969581697224,-0.4993474745634092,1.9389660604738153,1.554467464763683,-0.06668984598443056,0.26188278650158736
-1.1749547069590565,1.2653482966920804,3.2533195456739854,0.8011996932864024,2.7752191689461694,1.6688703647537464,-0.8997773556565746,-0.5948216413414957,0.2613050916296545,0.7325895813265023,0.5762480437935545,0.9143100596822766,0.316619822732058,0.09951777336886813,-0.30669467644697507,1.1983139478438094,1.6082044972730332,0.8644816217774669
0.3952740244586675,0.6224846343036754,-0.11877263752488103,1.3375368078022325,0.6291903541280649,0.7261057553773442,0.11919224246531687,1.6289526508798147,1.8162994017811898,2.191848529988441,-0.3202663486299052,0.9511320774568837,0.5122655880870244,0.42832113722390386,1.7131392646619288,1.7882664435976954,0.687640650442722,1.5466868703218244
-1.1825557317476199,2.2157115775309024,1.299407130014771,-1.0662758779539852,0.8989384188300577,0.9267338968695185,-0.8812616661272347,0.0190610867891,-0.11536948329058583,-0.5779350832369721,0.43881405508365606,-0.05006871435389367,0.35645409389660215,0.41281238983476704,-0.09760445985535852,-0.10822519061832586,0.8761007129999312,-0.17172409005882053
-0.822891550780027,1.054507566594895,-0.4137097671570525,-0.30908050589517977,-0.8015294496054766,-1.1346567227905047,0.08564962558276051,-0.4059242455962893,-0.19960444278840758,-0.5304779813471467,0.8683249250385271,0.15266130650132015,0.4333907398826367,0.43277286256388886,0.5960416284722384,-0.1467834832722938,-0.838713153625408,-0.8244531861041533
-1.2710768347893835,0.878598985333474,0.7631997652210913,-1.5572573083650234,0.3869088591421024,-0.17162804946654914,-1.4873238985463915,-1.9198111596270484,-1.1508146678518567,-1.4291983240785073,-0.05935088993673543,-0.3567146909372604,-0.010868160992494581,-0.2900968049298687,-0.5396335827856498,-0.8539206567194205,-0.7530581864113131,-0.8330545908192194
-0.4222519398059693,1.2407731388535324,-0.06686514461164546,1.3036736842410337,0.8620249840555225,-0.29079212924142234,1.559649298368375,1.9666328424776423,0.977456467597231,1.1873470321360173,1.7274589679178158,0.9851509710143501,1.0804025016260927,1.2776583841200417,1.6126495287979068,1.1985409466158523,0.2245820137668213,-0.4159797626588464
0.7618827099510244,-0.07093706957815886,-0.25925236546825003,0.4593696697842441,-0.11311619050547807,0.40773200083740063,-0.11119228910233733,1.0157463533755162,0.7841953656146733,1.0731067589945684,-1.0491564396578874,-0.01110830222041298,0.0976347760129943,0.034946067209861105,0.6457799263380273,1.3272336455401694,1.1469732646809259,1.0524726703523206
1.1901955918425093,-1.0479207573526341,-0.9705726731899593,-1.271557958268583,-1.4232695471938042,-1.4059786672850114,-0.5161530698551198,-1.545173879756642,-1.2268350796287906,-1.3305761733375991,-1.484019418741639,-1.4242435735706502,-0.44319166375526764,-0.3998149248364548,-1.2855077560836474,-1.5266518029160199,-1.402218040410636,-1.4397819362296003
-0.9457229685419236,-0.13352512764809965,1.6586280481688702,0.3642019050526739,1.9909139875038449,1.7426803317390074,-0.3164651599408783,-0.27074331091063364,-0.061956911726982145,-0.055897651830128785,0.34626774767542773,1.0908507525867914,0.1444297342909802,0.06740316596298253,-0.5191528417139164,0.20946291459007296,0.8288695669585158,0.7763314119372269
0.8909994202305109,-0.6709697663692052,-0.33931691423691457,0.7687206050486871,0.030611087094060768,0.3785241056425084,-0.19727640624369036,-0.12441371850903864,-0.13601935799002474,0.08154510264304352,-1.2503554472443572,-0.029748067728850122,-0.25973143615825905,-0.06765529422902572,-0.28822805770218346,0.07612623064639637,0.4065459235053207,1.4004784426534156
-0.5989322327273082,1.351684169180127,-0.5345555351358288,0.2572008034804271,-0.3216330545853081,-1.039401499125697,1.4511785620096675,1.124985543428825,0.7279478923956203,0.41999303489060025,1.5317810657016275,0.35392754988423797,1.1092953143320672,1.033415624535905,1.5149363626096228,0.6003962951855308,-1.0464846429401373,-0.9711735283101989
-0.2408127600035802,0.8423784103921005,0.05127287971623308,1.435871240569643,0.2708376714484925,-0.04277929888753001,1.4656947936822462,1.8181136535859583,1.0488424782138503,1.277020888585182,1.092907520139239,1.7891719315010406,0.9742598683690882,1.1204466465672143,1.5193874914723369,1.3873251949491296,0.8058124030872729,0.4909592660751702
-1.0926560630973643,1.1987149704343862,1.1163962342113678,-0.4296432450605273,3.4786780271954707,1.0390456055889534,-0.8507548060908715,-0.6892223582282018,-0.4978607544716679,-0.6996322816878217,0.1163859880363022,0.19476272819914794,0.2832398562532054,0.2916423664667704,-0.14867322114862883,0.11040638845413159,-0.2417660984277788,0.25822560140449885
-1.2127952976982286,0.3251458616574048,3.70321216876315,-0.16864462633789593,2.196409198378309,2.402652381508837,-0.8131908692913229,0.41040910820420645,0.27073444713221095,0.31759758013253503,0.1168785482336327,1.0900616515447141,0.16722971047076512,0.15767068549902216,-0.5456531399336704,0.2648912636308808,1.2330245423616573,1.4714986999839514
-0.7898127382847178,1.6027947910280789,-0.18591125276808906,0.34764784241932645,0.8870558531681801,-0.6093540397035531,0.6407868332621443,0.829860510631619,0.1333532960074957,0.200198250800622,1.0557859803786525,0.37893021343605343,0.7916130883834068,0.8163879405102427,1.099422403590524,0.520024606798365,-0.5113834544427506,-0.6584734322190231
-0.039510703673432325,-0.5475746423160799,-0.9790228843836626,0.2601608533856395,-1.4155638844910128,-1.3020440816519312,1.6573065033745082,0.17711478632103056,-1.3009619961818109,-1.4717300853293644,0.5593572659209209,-0.005483094568044832,0.18571964388721107,0.2822005251020309,-0.13099211725669688,-0.9601247900867701,-1.414149253017746,-1.533235708169059
-1.2909727795248558,1.4301338015800933,2.3975982563076803,-1.1095276876671658,0.3850744451384527,0.6407201668842688,-1.433290766935396,-0.8043795352374385,-0.6441250529318141,-0.524535350049275,-0.0927742404260606,0.5153231098254091,0.1398786079474578,-0.13912195840497796,-0.16050571209566145,-0.3008918211445154,0.15769496278167647,0.182862144465288
-1.1435028084878875,-1.3676609353915508,0.1346833824057507,-1.4896809164205123,-0.2284927683350116,0.014067857859215008,-1.16281442073984,-1.4963614458029009,-1.2129482517373864,-1.4109387860404632,-0.008830394471365997,-0.34481999930710416,-0.1475840072857083,-0.30254447321788,-1.3465729954205612,-1.6504116037128147,-1.0845890339589987,-1.1033983820103883
-0.6058201763316174,0.6281815100299989,0.17054852670904158,1.207675775519391,1.0111460177563365,0.064590834124721,1.0619465583204943,1.4428927754152199,0.40282006602663867,0.4266966321885086,1.440828134324818,1.2203270767045638,0.6596570264024367,0.6390429747967024,0.8288383223803645,0.5824671640120473,0.1564552230506384,0.17173246430898725
-1.0274581834176308,-0.35064431527778167,0.4217947140396168,-0.6836537683339025,0.2997516584116925,0.20768486861512064,-0.7848246872551664,-1.3784908177319009,-1.4178631568064826,-1.1125267417548161,0.20366123096736954,-0.3375505916866591,0.01035150767711659,-0.16261227367077627,-0.7369955897630269,-0.507133282124696,-0.7586210398681507,-0.5278126359896378
1.2459907315809953,-0.46872295779895845,-0.21955722277449485,-0.01512980391319467,0.49459267140919416,0.6644651916318345,-0.5337139947106427,0.36338052237997626,0.4435426686826777,1.0123651053577947,-1.2026997827235864,0.4148520030360622,-0.29639529507906376,-0.15024997589478226,0.12710318536680168,1.112096753112474,1.9030575971346342,2.0621774639185144
1.8445272624211178,-0.776213969868669,-0.45836947956326457,-0.15755641706421195,-0.17272122238543738,0.5605159338500901,-0.9758586726312367,-0.6309161377409015,0.24808031787535967,0.048170124800979285,-1.2462539717654455,0.05231071100964631,-0.486347331869059,-0.39752481088020997,-0.5467128670127296,0.22374318244264924,-1.6825288307800226,1.4129991035425749
1.1622574290484167,0.047944756813521956,-0.1424608035544964,0.2426077847829559,0.1319976711015101,0.6041957308902179,-0.5891664135976988,1.2551951946151607,1.5126381685693624,1.9026051680966658,-0.9490236948657844,0.6564598645872708,-0.12272151809032784,0.10498826996239341,1.2870145144332634,2.09232327819958,1.7515708449095428,2.1804653443777298
-1.128357182592851,2.2743827777463954,0.5037000497289292,-0.7997633770653062,0.41046879608784853,-0.03266315873740349,-0.4718079204971294,-0.25639111808654885,-0.046448055458978954,-0.42431692596050397,0.36600891940913305,0.21464860972356073,0.40170121255894464,0.3899726385399226,0.4433700144849092,0.2052330381171501,-0.2159206123616223,-0.25953184917649486
-1.2954760942618038,-0.8108211323694683,1.7970358169484149,-0.869063278991028,0.7294275766752661,1.3761924721204144,-1.508478051209163,-1.5459757317541865,-1.1264428734612468,-1.353973166837156,-0.24385691890042024,-0.29378318362376854,-0.11790085887251062,-0.3779044342784064,-1.2016835294708912,-1.3412225016725685,-0.35518968229975517,-0.0882181165612097
0.09319421592919176,-0.1727257035215345,-0.783849856931901,0.6091415694052026,-0.6868985829965722,-1.0678341347468128,1.2056872366570075,-0.08018872337308044,-0.3347024339815859,-0.532513854839399,-0.028470296876710894,0.19562128180167396,0.3507363941239163,0.417979618135335,0.38533702737722475,-0.20255475131108716,-1.1370615556921917,-1.0057469822294507
-0.8017644531537492,-0.6582156927318435,0.6494360251866329,-0.06936377693981001,1.685795152940813,0.800183269373375,0.15305021706150881,0.35121960579892386,-0.3635547085175493,-0.5188384470804639,0.8945006139570765,0.2516342144458369,0.08210817797603608,0.023616194119125387,-0.8974427973056144,-0.5048705155028503,0.6154903388624006,0.27857401512894914
-0.3354635584482432,-1.1497018717278833,-0.5681895847478434,0.8051248215483974,-0.5033893301212095,-0.6530903251393853,2.2051073768725837,0.617258613781622,-1.1959855496148513,-1.0180667922833986,2.074676319281674,0.17885335597707547,-0.10898480819848039,0.06294064683801429,-0.9117036387519343,-1.214883000222575,-0.8114336805939324,-0.8994400523529994
-1.2237788801208782,0.9784221089334183,-0.060975413281108184,-1.6342400926809468,-0.5886742307713022,-0.389090223757007,-1.2836031946729223,-2.055135983217194,-1.4186771159315146,-1.377226485139335,0.1316469192420519,-0.7511875912301413,0.03464301908499936,-0.21181455920804262,-0.42913961951395835,-1.009652695669435,-1.1939800786890928,-1.2380943397583428
-0.4731144582512368,-1.0196662395818503,-0.10024231146220283,0.9805882167138471,0.006203510228618811,-0.2384361671694903,1.563321346606995,0.7336872110627171,-0.8471687666477077,-0.6896956896143169,1.6235786941339643,0.5414427608358579,0.011713270338966318,-0.016647706812213545,-0.938886580569811,-0.9684923126697298,-0.03214709672817836,-0.1584084845605477
0.2091554000738938,0.7850165207077564,-0.5259326624161402,0.4552579568864161,-0.26869430981461634,-0.5232372363205822,0.37127313066321516,1.216609689938674,1.6748526243513364,1.3439530769871149,-0.28539398950171146,-0.1049977426144481,0.512146454955775,0.5085606106540433,1.7250752467431225,1.1892040945183513,-0.24807884505912572,-0.3559168760599828
-0.8952506655524473,-0.037632065206794366,0.6179123371751829,-0.5428502976391637,0.41093049805243226,0.5530127791211643,-0.3680791855973749,0.4580174742354521,-0.10484132550299584,-0.19114969805656787,0.7203205283736046,0.29563167905208027,0.14799692257237887,0.08740429932851712,-0.019048146008774258,-0.33930732997611335,0.22550558147976327,-0.0014650724296944302
-0.21941971937952803,-0.856669261035377,-0.7475154035736398,0.8007524387016093,-0.9947142014905013,-1.0886185894739442,2.138557519852484,0.48968090554857874,-1.2591901073157135,-1.5100497024126611,1.8659662511677937,0.27820756681829906,0.02444539832519319,0.15582161589415142,-0.5374195153137873,-0.8395418614073986,-1.1511466350655957,-1.0786412198615254
-1.234382318512251,-1.2429886352116917,2.6401090257139153,-0.7230342842481918,1.9624843572886153,1.7319958131932365,-0.7578150244694988,-0.7010682640941817,-0.75281043106744,-0.9421435659903976,0.0854052374520978,0.22514144326645003,-0.09673457163947645,-0.41400456188204504,-1.3670720428383853,-0.9272420049895261,0.27532445766661456,0.7657069099895721
1.7545517633364245,-1.0761445800113392,-0.8582358703954321,-1.2542505049668986,-1.075345321624394,-0.9530632897745255,-0.8834302382856164,-1.6073558100362149,-1.039604596354842,-0.9294842075523327,-1.468166978054751,-1.2843698699453199,-0.6758865216164598,-0.6013922532681165,-1.3636913086468387,-1.3262424830859154,-0.8462271414936153,-0.6950050479629797
0.4375530910457168,-0.5846577743846223,0.010458568379185181,2.3497105195443253,0.5356636220171958,0.5801484712358091,0.2632960017725915,0.8109371666343944,-0.04326034505218457,0.4293233094855631,-0.2881039675841333,0.4211109940070413,-0.008131653225607877,0.19724499473547177,-0.24204727783069455,0.5175665447700146,1.552702364661959,1.6733442423366152
-1.0352831656216241,1.253616194047057,0.04538312058302667,-1.2903163960474908,-0.37365492841276554,-1.0419551271084269,-0.5615889129942997,-1.2990573121702056,-0.6274613515562161,-0.796954864466958,0.4535397468047268,-0.13645483058480948,0.26442084840070434,0.05981777186072335,0.25139919080711737,-0.43733418084949616,-0.9233880654205863,-0.7255520523862808
-0.43733348786104614,-0.4610218674937818,0.5335767701769268,1.566390811863823,1.9447024378552844,0.5359640662951006,1.0059852130430553,0.9137152934118933,-0.16470973207175066,0.4613048140964675,1.144064229880914,1.3232208499237192,0.22813300350155533,0.5301241575003157,-0.32360577868246243,0.5596748977551618,1.040670421914814,1.2624363197100252
-1.2624214357186287,2.487662050915017,1.5693156226784002,-0.43048677101069516,2.9483598110546785,0.7150339519322556,-0.9783042968750704,0.4699223479098378,-0.5485824670952059,-0.8353320351301106,0.2870002983087197,0.4544801606749391,0.3836681825113404,0.0999781451856398,-0.08750260684692839,0.3539756629368039,0.05362401246235687,0.06740103126928418
-0.015273934424460171,0.5332241638474258,-0.17637742559424777,1.261870472608786,0.6605295037873948,0.036933888236901184,1.3135771603277564,1.2243389960800835,1.11554287687917,1.1821533484491502,0.7087863645465284,0.6780436830067671,0.5671165920589476,0.7331331774921903,1.227195529694078,1.264956743448194,-0.021228667184590048,0.19875293303590952
-0.8407962167529344,1.5062644549791633,0.8885128591255421,0.48314095434354,2.5169088104596513,0.4813174112490002,0.5589965479268758,1.1080962795102767,0.8542377616400746,0.6865632402894183,1.2143107526355243,1.227549738178044,0.7609966113691531,0.8828262446988752,0.8373790797431259,1.157973155700023,1.6571763967620956,0.8101767024203107
-0.6934555991125194,-1.2810429909788237,-0.4490010713200987,0.18131412233232452,0.3805392084735277,-0.9300517230698115,0.7413214180657122,-0.18495919311458603,-0.8975425420532366,-1.1807604271136785,0.9678201164465651,-0.267920531935762,-0.15439248809694467,-0.14020493930340955,-1.2268244036056544,-1.5384827389698261,-1.069336468365445,-0.9612497688699266
-1.23027821458207,1.6589331843151855,-0.30325797837909707,-1.9569705426551305,-0.9194775380862431,-0.6497272810166156,-1.3548056515235094,-1.9089261283742396,-1.097866878900586,-1.4954706016799364,0.01124216310153698,-0.6756080777224739,0.1423232733693263,-0.13850757038591455,-0.3659615539010531,-0.7840433117295265,-1.1758252934571947,-1.1088071110078594
0.632547341528406,-0.322432506304091,-0.5742554251353384,-0.18743420774152258,-0.7317495811614284,-0.6182060817316655,0.05646037636191798,-0.022449569490792357,0.01206616243745852,0.027392106891666025,-1.0664264911389703,-0.8303382348029517,0.02585543140671104,0.005212730153213316,0.2060439243925129,0.1795803816795054,0.002719835750295806,-0.182955737417979
-1.194366714912068,-1.4365969727302932,1.2093957523729566,-0.9908499854173635,0.2916022569198222,2.7316898732099864,-1.0914460371867658,-0.7745572967126194,-1.4292674736878597,-0.9092682277939359,0.0973384697298746,-0.2921503995674376,0.010499289523565752,-0.18582570058984166,-1.421620077035026,-1.2815724041517316,-0.4249698343233873,-0.12990450162823444
0.5393779314177074,-1.3547488529124907,-0.7429192678818703,-0.7168758607201602,-1.108150710282321,-0.9315645071429458,0.19665863120820898,-0.5138098096344795,-0.8281699440031023,-0.8491097124784986,-1.1039459852589948,-1.2672920278271183,-0.353928320631607,-0.279981495833368,-1.8102662307557926,-1.8461133571592263,-0.7043620939311793,-1.0702435811439868
0.9681063586003777,0.278562636460512,-0.490759874080942,-0.0467662069233533,-0.45028811374348215,-0.2833831052609869,-0.5534747728131992,0.42999084218152256,1.9020858395938265,1.8862914784729208,-1.0232513590713326,-0.34865100449434283,-0.03596474971976386,-0.03861396079087933,1.5546493359489366,1.5214197519124932,0.33324513871137096,0.4587312390446496
-1.0026456618013613,0.7470384278522608,-0.6452368349474796,-1.4247149086652455,-0.974347227547384,-1.2216222892158344,-0.656600822502047,-1.6633580766488616,-1.0403095029553446,-1.176507118804558,0.38106221673750706,-0.47816885131412135,0.18302469999689025,0.1490489634908272,-0.10849219421296068,-0.8488793864298412,-1.3073943026644275,-1.5631974424539659
-0.48208914861487256,0.3468641563875135,-0.8799039222884896,0.3616117458860174,-1.1400886443076126,-1.4293787343070532,1.5286820535683412,0.3918585310316278,-0.4096351672149365,-0.7082678370832639,1.701156973991767,0.3022360600116014,0.6959914111166017,0.6066775600439287,0.7810246261241484,-0.2086351695848788,-1.2992424548776407,-1.3705911961695958
-1.0510673741024228,1.5283547871961,0.8322394366209613,-0.5773471666119775,-0.24286361689923933,0.6128546833334538,-0.5913784941035415,0.4013998207957556,-0.17574621305112184,-0.04625420827860622,0.5833882151588721,-0.1193745634348975,0.3371964520507334,0.21629274604675097,0.12678201564439842,0.1975099553710964,0.11548896108940694,-0.17038999483074255
-0.9108044133907757,-1.3000101273628542,-0.6287129510588131,-1.3950693310982767,-0.7703214031906036,-0.9376212758423481,-0.23830883383034068,-1.29114167792306,-1.368825664669039,-1.534176959682329,0.5657586077841388,-0.7455535705539519,-0.104359267156246,-0.20447753176238395,-1.366551638476509,-1.727231944322012,-1.304602845969447,-1.2972070949226275
0.8506179796985396,-0.33876223249661197,-0.503412319700801,0.10250968661383361,-0.5717139448778743,-0.3473053679084952,-0.20597044672729475,0.05913225316869563,0.3295973164385267,0.12739753803399148,-1.1697412718639184,-0.5581460103074872,-0.1580739035845373,-0.020518551360665372,0.2884526616024345,0.3845790526795185,0.2883304026548069,0.5701918442732677
-0.9821950120732046,0.19132867003212567,1.2303107411698688,-0.8354233459851735,1.575964027762113,0.330712500542219,-0.603202469413867,-0.21240214418614253,0.3002956228803078,-0.2032360987305106,0.5296820337780336,0.5157909740660807,0.09991634201768605,0.05113412989109304,-0.6074366594399372,-0.23347725932500396,0.17675931829110927,0.1775784085732302
0.4219981454907534,0.638156364016269,-0.7264162776990575,-0.20196936265664747,-1.1959477629214021,-1.04467740547967,0.0996918528249308,0.38356332268963494,1.593679880962777,1.189718275680862,-0.693710274639375,-0.7309028846957927,0.3347931308376378,0.3535903173601645,1.7673671493486698,0.826197794373487,-0.8410915789882066,-0.8701105861873817
-1.2848912735021831,0.55374150619802,1.1928949725023403,-1.3755465170181607,-0.10905828427947976,1.0580718614087714,-1.7111907926360028,-1.5155571140125148,-1.3376901404773538,-1.4882752777658437,-0.14414101034080629,-0.37813653758447285,-0.10731868072538678,-0.31721672102368603,-0.784639075744444,-1.2693058389763585,-0.44634677420793467,-0.7159864503532072
0.7507319930339134,0.26160636771072776,-0.5907651157614124,-0.3217642555262295,-0.7285584541170572,-0.6909728884596561,-0.27014754099621313,0.10154090972913435,1.4974269880633098,1.3149273527921475,-1.0497982267395587,-0.6199629566764363,0.06397902481777278,0.07684793200485851,1.4297724418515276,0.8291414371333871,-0.102245353574751,-0.07204856122961831
-0.7845494723430197,0.7274245400716273,-0.43636287456817063,-0.3869572608197061,-0.7739229066758294,-1.0598613404035822,0.27013683743050454,-0.18328476315802508,-0.4146343302980572,-0.6981543381178398,0.7944962704444503,0.001840462825728461,0.4969697202577236,0.4219529724535669,0.3567859956534857,-0.17203265143861135,-1.0871436542497217,-0.943084153134074
-1.1705873736078516,1.8860555467004159,1.582186472165636,-0.5809298578069676,0.4699436378292951,1.8985524266087612,-1.044645791598508,0.40116945319519837,-0.3495382956963897,-0.41046423143412786,0.20507026974621517,0.36386888581340965,0.3316502179618093,0.014045741941483366,0.17503298566327233,0.05346549693214315,0.7730003814772785,0.31370495195454434
-0.23473225207810336,1.1415799259507415,-0.1925136777191901,1.407530445609959,-0.0010571031005406353,-0.345799718185321,1.1921532951699054,1.5319910254539446,1.3496318973037413,1.3413950256732425,1.0647562700155917,0.7567375086154523,0.9805805915532877,1.0507275806262304,1.9894808063578437,1.3304338711997028,0.3920883108273854,-0.3006392987195382
0.5304156174592973,0.03034110024535307,-0.006051525385591226,0.9647467536359234,0.39707553942135587,0.5826721485074212,0.16893519870890747,1.4636605177839108,0.8868594757780062,1.4009487506997307,-0.6495944665749032,0.8957023657704763,0.10861137615079064,0.11255509760718178,0.7589206927962462,1.2388834439146315,1.2547507308685453,1.3095144032946118
-1.2057943445389445,1.984698044253437,3.137829287689017,0.11568477608820164,2.711786110373621,2.034218871216733,-0.3807119503865524,0.6260642352444912,2.1574831507004446,0.8056584857790151,0.13080363812701387,0.4335108518023212,0.36373982483202877,0.26635286705102534,-0.10908742704802148,1.0000455803144503,1.5674811934505415,0.4869231584672806
-1.1430775473443147,0.6887173036765808,2.6527597058642844,0.4459820082837826,2.5739293949825437,1.7407543074333347,-0.696767950504683,0.818168784837984,-0.09083023614055463,0.5002746651816844,0.05733241114290891,1.095990066671566,0.08030517137822304,0.02156136341999913,-0.5992320517616655,0.0727484533525067,0.6868640902157879,0.34869830419126396
-1.0116075765208932,-0.6803053983181031,0.6013955568684799,-0.5658681669306193,0.4675876266429131,-0.16489340916717982,-0.8339954256774821,-0.7294396854501584,-0.413019869282366,-0.7480588657682633,0.3744923064906123,-0.31901632867399293,0.006814123777723905,-0.09021140300273812,-0.9710967723120563,-1.0750954582474734,-0.2670503691118232,-0.6024223478334907
-0.5895799621945669,0.9581622432534237,-0.08760454565164624,0.7540072561837073,0.546486868564134,-0.6083154636093673,1.1091972794672271,1.1739955551508976,0.7576650412475546,0.468831339063415,1.48070620800127,0.9445952655719223,0.8904853666988847,0.9190933336137268,1.1902865133847134,0.9119113146683351,-0.5842813707102633,-0.45142324599994865
-1.1049818211285642,-1.0379861448051655,-0.044451042845731814,-1.2384461682340386,-0.5144484617816353,-0.08995989336813735,-1.0554261714409492,-1.526208708328545,-1.3331999809969186,-1.570691016619001,0.1682358376985625,-0.5436089941122889,-0.10317630261738261,-0.30119393176349396,-1.2725064499909047,-1.619508149830614,-1.2943271866996509,-0.9502899297881677
-0.42669796376388797,0.7609912214973495,-0.551681256452557,1.0169158678870058,-0.864901721996787,-1.0703796904877994,1.9999125382211966,1.026351751737995,0.4528349166497629,0.22931121151820927,1.8761241475299513,0.657760096112612,0.9747215490240966,0.925314518361586,1.2784648367401301,0.646062369040525,-0.7700466280172614,-0.790759100216134
-1.2779759820347136,1.1027098977595313,2.349859579012302,-0.7484876207506505,1.0877070572719905,1.801636963099833,-1.667609949852081,-0.47648772293123065,-0.43043993162408767,-1.112415742611953,-0.24575769412791476,0.023193823019098142,-0.09107400541273687,-0.12356760773472836,-0.6151630662217811,-0.006575093433410968,-0.0924389701489643,0.19082879731085825
-0.682833249898343,-0.05909507157812135,0.6368049598193374,1.4902557874198203,1.2392161543210733,0.7256197630128495,0.38079590336296915,1.245141413292356,0.11321869794679022,0.2089107305805042,1.2032643742770681,0.8342549197818604,0.21413024736247402,0.43586591236899896,0.08993429839993558,0.502480024803921,0.919313116541221,1.2734106068097975
0.0018895445709749019,-0.8724281266809667,-0.7964934056976374,0.6813592913923736,-0.44635720042356886,-1.1888157915816158,1.420495075231994,0.0536382061169423,-1.602376118159516,-1.442010289616174,0.08238628613282904,-0.3572433591311002,0.024982755377679095,0.06314163887615001,-0.7023858228914557,-1.0923570407943533,-1.1026395856536502,-1.1396025486377361
-1.1771892625558942,-0.23432250529342397,1.8135437282036642,-0.42675548899949534,1.5359599260066137,1.8422423588679915,-1.199303501266144,-0.7958860693000881,-0.13626314008071533,-1.0142873391588418,0.2383965721003848,-0.008311538683540242,0.05111141429380937,-0.18271113826103996,-1.0412296710290794,-0.7532368809004656,0.3900381682141363,0.27864557082650243
1.5339515476336953,-1.0943992373153908,-0.6858120989353192,-0.9361583646370228,-0.7942892164610478,-0.37806352003361865,-0.7115882076953222,-1.0562603168359948,-0.9115283076998547,-0.7444595066952605,-1.4669846310566566,-0.9097357540489989,-0.5360497281909373,-0.44830376555073587,-1.5501484242211934,-1.2483016960933613,0.07439352379635054,0.17016329530453164
-1.2458319624203986,2.922588652688931,0.49083410741279554,-1.1290445245379253,-0.23094759439188703,0.6589709768951477,-1.0267493311157831,-1.0909784154154478,-0.1742550709165949,-0.43672536038622567,0.20924696134684062,0.010317055466091535,0.24244124476522852,0.2911269668227589,0.20201136351242124,-0.08321382779145572,-0.21822045627380995,-0.33938145471139397
1.0717775602602353,-0.6003413660201131,-0.15511279043031434,0.33561110112981907,0.30818616027248524,0.8428942823665312,-0.36087543903810554,0.6927178321483342,0.29902557495217336,0.6684126227556145,-1.2230293894586417,0.27100550339375806,-0.1861683408007228,-0.07154760986010163,-0.2567272126618565,0.9176471708955537,1.8174296343963894,1.7880154211847814
-0.830607740389697,1.278278228354336,0.27608665246172326,0.5082974185775545,1.3251584445565932,0.46874347729713833,0.5397383028140994,0.5923428780259291,0.29812958363594694,0.008917443501009072,0.8408584152664781,0.4982146299757506,0.555891436031968,0.5146057632792845,0.6078579532361427,0.714815557844973,-0.19318872547990276,-0.11378067432872427
1.962648035706105,-0.10530904485736839,-0.471005479904331,-0.2962900397442044,-1.1662080048074257,0.5506141714137965,-1.201974485290035,0.2073771114003114,2.1162938310637562,-0.6793900542716559,-0.9009347667525294,0.2735966014341478,-0.5867679896993342,-0.506444353881619,-1.1666020027570398,1.8767647819606195,-1.6858471610989236,1.688497031705138
-0.997381797001346,1.5858278695567822,0.037502113434489955,-0.5875053136506216,0.0033020337486238485,-0.4454097183473431,-0.1798462144217923,-0.47631783681382894,-0.09374900623068787,-0.560529446162237,0.5989648468451133,-0.30448960463846125,0.43929901334895816,0.2932632517480809,0.363627084138583,-0.032396602376163194,-0.8436864753839646,-0.6923490252069707
1.3380491908937793,0.24364931102282558,-0.23608155150586752,0.3085705742835053,-0.02217786599114718,0.6230529755458163,-0.8932785591461185,-1.2165087870160758,2.4628815372794604,2.583058206642285,-0.8705498631102628,0.47747635923943577,-0.055991918112530535,-0.13607847007247376,1.7965559953566033,3.219740414519273,2.02234960449631,1.9002267846885006
-1.2234567723224734,-0.9181402618032658,3.0401955024749423,-0.32451057925150906,2.777219638198171,0.20646457258283213,-1.3056241410933636,0.9286548956424584,-0.3975010323083846,-0.23744080944078713,-0.04350086130562497,0.7816764353297747,0.08863095743153994,0.09853572732057263,-1.1966179244030175,-0.3509653399577923,1.3928793212099873,0.6679091876630553
-0.9345892941344278,0.28978323223306,0.4052796853010693,-0.23301639961623302,0.2178891299452272,0.213181529349416,-0.48507487259691084,-0.43391360718924527,-0.5164467179733935,-0.4559287729712944,0.4876946770159585,0.0065974313071942405,0.02661123527042938,0.07123314145644677,-0.2737743025690412,-0.16951023209570368,-0.434043009824107,-0.3411727608394639
-0.5128810210058423,-1.3467593998981011,0.1831844853461045,1.010506509868542,1.1683832016035973,0.19979699714367555,1.3744791127176759,0.9107450724325609,-0.23461146400120633,0.06535351618568587,1.6471878401906832,0.8786623784144434,-0.18711937810418644,0.02539469247785276,-1.2854038072152614,-0.7926567647501002,1.1756352644834498,0.1331576187334642
-1.2339059984590144,0.6509931039474997,0.15120594566763376,-1.5720941935458472,-0.3827943054794174,0.30406589962044883,-1.4158988429333221,-2.021492836384067,-1.0485613749173295,-1.4583948618573412,-0.07028629220142363,-0.2457904088538861,-0.0014109861567677701,-0.3026210487259847,-0.7466498089740138,-1.0286888211394845,-1.0699003392928634,-1.3856175552433918
-0.3496772859441534,-1.4822541308017723,-0.2817692050472786,0.8748786475069428,0.20358555863351785,-0.28507262630446156,1.5506092682514727,0.9027798671143163,-0.6374104571765152,-0.24214027500344082,1.5108458758020544,0.3831671469336188,-0.2695612614624994,-0.1711971491247491,-1.5075197473365678,-1.1580800717400066,-0.43883892727286156,-0.09154598727936207
-0.8122811787321982,-0.3311063183468199,0.36646763878699573,0.05206543688236033,0.8386443542889263,0.2847220618544491,0.2314902045310971,-0.16075383294996945,-0.7604220085204846,-0.6447728358049315,0.7123425235106408,0.21186552519256363,0.09978674110323346,0.13492040450822707,-0.5333902947986704,-0.12692421559033992,0.5766493233715628,0.010729901083427954
0.07859088119296895,0.1595069249514598,-0.9916681847175542,0.042101427375835915,-1.4122472160409254,-1.4323674906882444,1.1814356507610153,-0.0380152574993609,0.10709455024935781,-0.21958760792620702,-0.05598020236621986,-0.581519788993609,0.3773742601901492,0.48629028745123004,0.8535502263438367,-0.20198468854551171,-1.4601547216654103,-1.3425680685646444
-1.113522239402383,1.9421649142587323,0.5120327946455442,-1.0926162975549594,-0.3774403856430693,-0.008124022006722633,-0.5776044668723335,-0.6333717932828824,-0.7084232002385825,-0.6073953983392647,0.4618006564275055,-0.1407300754688891,0.3566199644080284,0.15691804673393148,0.3014806547610483,0.6385449971607389,-0.5772990617033409,-0.22838212600449911
-0.14814189320398988,-1.0662298825700804,0.06778252863830335,1.3648666183493896,0.44326685901523327,0.8645404106931944,1.222703461348552,0.9577352986921758,-0.46165297052956994,0.08147262859233677,0.7995640342527558,0.8700461042412084,0.0743670954873909,0.20946360688127008,-0.919029819497462,-0.3116247783201387,0.6760820683619013,0.7331768275143096
-1.0429999540896115,1.0766830520462012,-0.19754931105395193,-1.2966246920140392,-0.3345064284088297,-0.7090448957012621,-0.4949250738692095,-1.3883194276247377,-0.8370624929529619,-1.1789303347088451,0.2648147645781739,-0.38886555743357765,0.1568119013102443,0.017807245922356538,0.03604988778681223,-0.5989962531563018,-0.8916376517424898,-1.1743716103063784
0.9829173474581506,-0.04626563581072182,-0.3519675526832798,0.5063192414124486,-0.11086367329412718,0.7412032267590899,-0.3587725869011101,0.37358035701226533,1.2671265625062997,1.3836741738107596,-1.1148035487819672,-0.3966262662304613,-0.07715373742200618,-0.034711676339221176,0.9373056306179885,1.180365392134592,0.8388516890734264,1.1917383066504363
-1.0621629211970456,-0.748043317802035,1.6751381697363157,0.8760903806487346,1.0552216997263242,1.7638053220049794,-1.1387985977660104,-0.5440410980137266,0.07765115084611378,-0.06200970308691818,0.13568259182081593,0.36040315121750877,0.04323633464715953,-0.06435603857760742,-0.9758241527776624,-0.6862541342215724,-0.08506706573755098,0.16233690884234078
0.6708654656327181,-0.6469551296714152,-0.27576024892083034,0.5799506239594476,-0.10402808294107324,0.1632585512505538,0.20919872549139074,0.343187598489654,-0.13610795225143216,0.17530225140297215,-1.0707934540688875,-0.32963520477487196,-0.048394394991984134,0.0036570355638036846,-0.3767429780563395,0.28432055490600344,0.900374020194197,0.5886166798971356
-1.1521711828221854,-1.1043603494867318,0.7466972337823192,-0.8968307866519277,0.45505468498516904,0.44395242600506263,-1.1558285283263243,-2.0900758254393006,-1.4078813538357955,-1.101196628429542,0.21045849068563682,-0.41497413030252045,-0.15383806881789527,-0.26377195459621794,-1.338288462763093,-1.3785379202028842,-0.4287242669031052,-0.5814079036401287
-0.7045791677859093,-0.9510725090416339,-0.4010733219732796,-0.4241222742574482,-0.3232830027457825,-0.8939129687255288,0.5376183434561824,-0.4743956597513115,-1.3408331361507555,-1.1944902808182054,0.9355022543967382,-0.11427300874489188,-0.06576256960129613,-0.020225700591582553,-0.9158740194905975,-1.3683277527563946,-1.0080202002695309,-0.9387430680323913
-0.8779070923942762,1.1791763468727472,1.0674093074305784,1.299315832795814,0.4294774630423974,1.2504499543965093,0.04047885887819252,1.2589778585422384,0.5869715460714582,0.7834529411086548,1.0623155726893585,0.5660611446786451,0.1425108764389523,0.4220319436319474,0.5704924683775693,1.2608365015280683,0.6883731256383917,0.3365835638379967
-0.4505315516506867,-0.7855295300536876,0.4822112902984454,1.6771047427667682,1.097236842853377,0.9923217400952377,1.3195120806534357,1.4289616129031544,-0.02791086073601828,0.11248701290531009,1.413479872304392,2.15419038929402,0.1799578824091063,0.29608984367910485,-0.7668077839932191,0.4982609357848337,1.1432256581172577,0.9861481269352054
-1.2999219186002835,2.8150722178162018,1.3122797866755005,-0.9763173878864023,-0.08757877287912735,0.6426693175084458,-0.869288478223172,-0.3170449747639352,-0.7974444304438165,-0.09720084910862017,-0.016100203812916197,0.2674211720367569,0.3737152267095589,0.186241883438147,0.12426032052572997,-0.11435529735491605,0.9640115091791961,0.029288068849788233
0.5141805747133417,-1.339780202819718,-0.10591425753475153,0.7961170419925351,0.6391569992298805,0.5345479700773961,-0.019628426386261184,0.0923669040923815,-0.2886066638493701,0.2842391374777864,-0.6975482371556023,-0.28810455344375024,-0.218923895829345,-0.15954864562871823,-1.8346587257527869,-0.9082036834516627,1.4653050935375638,1.6391673667252447
-1.2940839576505048,3.2739762647781037,3.2659483868277506,-0.5461921169043698,1.8276020998877103,2.249147636747589,-0.6640374203947027,-0.7380019346587627,0.6643867251697785,0.2757578440033947,0.03770147069131531,0.9467610064869342,0.5895892107345218,0.2554660237722133,0.191795377919843,1.2197488827995697,1.6196066767599495,1.0693965064488808
-0.9532882520937223,2.0178878220134786,0.16494063103550877,-0.03222837058015331,-0.05980067662310352,-0.5710359466644498,0.19679584682234041,0.9934924221648128,0.5260860936098581,0.14933728767652296,0.8354934592958483,0.3070455079006322,0.5095120525042616,0.7968523791450467,0.7500443217269056,0.2961278779171543,0.050838041849925956,-0.3345024284853329
1.7253474581067114,-0.519698922789665,-0.7386530039087005,-0.7316664806592441,-0.8449747678550805,-0.5279885476220163,-0.9080936057116288,-0.7629202543983776,0.22494177546165078,0.015161881380688825,-1.3122123322083443,-1.0428893903840357,-0.5480676351501413,-0.4771006375082203,0.11568747168248689,0.02669754313475429,-0.07581679308553892,0.12696431895876112
-1.0802683606589607,0.6805143850055607,0.7297299737783163,-0.4595111068275079,0.7929441229138883,0.4211754296428868,-0.48899479237076515,-1.2389748004493812,-0.892230801727308,-0.36707420355724374,0.061769257506450924,-0.07425339202533421,0.1343944892713702,-0.07575517776900058,-0.2636532204301944,-0.2825125249464316,-0.48961006063562007,-0.31578377066144403
-1.1597462258931253,-0.6506097132141411,2.759702568425594,0.062392493778035636,1.8060541433285737,0.07790705945648599,-1.2088914474597028,-0.13205279780154586,0.06536246281848526,-0.009329784253615232,0.16884531632966876,0.08955221880912773,0.09138515102302852,0.12247507084183007,-0.9957479374495544,-0.40800962749494313,0.7818597594471559,0.709472762834845
-0.08473811194771795,-1.4476096739845752,-0.8639091370947647,0.6865887853848252,-0.9712099227550853,-0.837098252093189,1.3732314889836623,0.24818290565052845,-0.9064538703007594,-1.0789187435048448,0.45188897982483994,-0.6056758286420592,-0.22365967567815287,-0.17310465877365247,-1.6098423503331565,-1.9585513857010517,-1.3818012984534527,-1.4233405428143215
-0.6519487041827593,-0.2990285407834432,0.019318757731928326,1.03809017525717,1.6433947003090068,-0.050491321787606944,0.652873587316369,0.346133114111018,-0.14402131044410943,-0.5209999115021086,0.992807817916887,0.567164844801866,0.18848916372830937,0.17820724605276456,-0.3198677967662106,-0.13675348715988764,-0.0971700766822935,-0.13702691149382012
-0.4100980915405008,-0.43556594596956144,-0.44586292844968256,0.9741258656419333,0.4308829214688887,-0.6501833365784033,1.712030430532466,0.5567329839268802,-0.7896866587431786,-1.005017848626193,1.7100370779057152,0.5697929607956305,0.24578362134930534,0.4575100093895118,-0.1032272571454566,-0.3723620888684609,-0.4259642114832755,-0.6836137487805537
-1.2357992328864313,2.5549681484290736,2.2500057437172645,-0.1612004406497533,1.3028226820284083,1.6720310779874192,-1.0530594204551784,0.9317162761785847,-0.12481492630903483,-0.13074693187717817,0.33035920598619783,0.16784992546050903,0.31361315477316226,0.3176891162863494,0.11519870469888273,0.7481952863998653,1.1731168974091577,0.41499951929653667
-1.1994804347033237,0.3834713281878557,-0.18053292373359028,-1.808201802867991,-0.6371613160569717,-0.48030328972573383,-1.2422224690980186,-2.133194252057988,-1.4878112401240104,-1.7468599027780414,-0.07748118656933266,-0.6670114909308568,-0.017497023037454616,-0.21697609666921672,-0.6570947660017625,-1.3242463685384878,-1.2709843370350256,-1.2830242372246017
0.01166087244940754,0.5490349859881495,-0.6674454471858289,1.0024337064934432,-0.4234491873229575,-0.4263586485203661,1.2570606804601039,0.9710186336579395,0.8455461084222933,0.5725769585684342,0.3095161908288783,0.9195689751075641,0.5677242830607544,0.6063682376622646,1.3565862879008004,0.5286853706656601,-0.9227195686401478,-0.8198408651192015
-1.255678434541447,1.7154505814598513,0.39188241312579586,-1.4373939548874508,-0.44373429502487394,-0.3902221236516173,-1.1984353283184264,-1.482159503553535,-1.292544343564223,-1.2096187662966886,-0.005337114166619205,-0.5179927885632577,0.06153925781614971,-0.12391927518594946,-0.26440060768037993,-0.6549246784042978,-0.7898813712492395,-0.9262889077249963
1.602988339937785,0.11145976320826642,-0.821920628681542,-0.8946090401437884,-1.0946101761724398,-0.8886476404186415,-0.9657558763285403,-0.10668895873936685,2.1016473356817333,1.793177881655888,-1.0293412150029846,-0.9871186180252911,-0.5200687159831718,-0.4298791256160579,1.7099125311967829,1.0211390581885569,-0.5413942916565968,-0.2986935128297068
-1.1150081753166945,-1.4106597988459815,1.6783924582570364,-0.6289235795870729,1.0353070520168506,1.9787983026481815,-0.859561209236312,-0.0493062538253721,-0.8638688173820036,-1.1052365602952108,0.08629522922214931,0.08089570655106006,0.09715901844233975,-0.21918199522337775,-1.3806551298910752,-1.029921478795709,0.7673405836412382,0.35241626341316934
-0.5509414052237063,-1.0036937271441997,-0.7444911404359936,0.1881404002441662,-0.7170268022288979,-1.1648567235199947,1.4218775207155803,-0.14984265605251576,-1.7661597453621554,-1.6197969586954213,1.4573576687480703,-0.05888312832106256,-0.045916107591032124,0.01162651592090382,-0.9195895415007606,-1.3235890424097283,-1.238472477167397,-1.3043842006744468
-0.9725726127725745,-0.01201445338564724,-0.5292878885271495,-1.4336119169203576,-0.9197254678586153,-0.976561146347876,-0.47493908422075815,-1.5340053989751588,-1.2776380371406084,-1.5336526345276338,0.32262271917170093,-0.4820065430706001,0.09443201734428124,-0.008356452302011996,-0.527434897990044,-1.014864953955464,-1.3812589494857366,-1.480403785949023
-0.19218433553519734,-0.8407174274100742,-0.09631101404675126,1.3331060631197251,0.9934496872130112,0.2381675972040514,1.6342045503965414,0.648592706302463,-0.8278444946251402,-0.3747074200588042,1.294145709947372,1.1255422208520784,0.2687120422578194,0.22663783598912582,-0.5465260090465129,-0.27292407666071566,0.0626700865799592,0.3420701546063487
-1.261411769952694,-1.2681030625990455,3.9783480914745573,-0.004320423129030066,1.9664867978461507,0.49792654458128505,-1.0522211717889465,0.6900938711002584,0.6809179243186847,-0.9583056424678548,0.01792190719204303,1.0992525682263488,0.11444628204714513,-0.09211613607771953,-1.2971145640157509,-0.6890504128551949,0.37866784364381073,1.289559437740251
0.4124638532200671,-0.6405328555029476,-0.8543130249913972,-0.5920376087711874,-1.1842419887063662,-1.3087296308158725,0.5109788094569313,-0.54438268262217,-1.0975442942246252,-1.0859638741063942,-0.8121743230875585,-0.933891142947964,-0.07211320370928838,0.04712283530260593,-0.4130480430290603,-0.9318725920057218,-1.025933427682839,-1.0885575194144874
-1.060683373104786,1.3199585139973682,-0.8901201312228721,-1.711881087869594,-1.3767214548319486,-1.4896843836785891,-0.7121165814875626,-1.611978109105018,-0.8836372757779056,-1.1978393036953046,0.25504198611096685,-0.6865190860362251,0.22168780869584334,0.1120195683111905,0.04777297669734922,-0.874684610338274,-1.6416498982868704,-1.682368003972485
-1.154057904665401,2.258771850791699,-0.4192069247994272,-1.62601721056945,-0.6231896643415118,-0.8750032130068699,-0.7416505573285627,-1.3687154045172432,-0.5169581684412505,-0.8272490121078623,0.16133838905868753,-0.4251348589940568,0.2910976247236027,0.10088784713604816,0.1583425745168969,-0.17269764022484807,-0.929300351201929,-0.3910163199922868
0.7149494288072636,-0.9134529909045108,-0.4542170953228647,-0.4339353016672868,-0.5068452102890305,-0.03138993024251792,-0.032456269365450825,-0.36545849705282907,-0.8405038002142193,-0.28303657195600457,-1.1891405702880364,-0.2960015280167275,-0.2010492047008896,-0.17434296898826576,-0.9216983781687914,-0.6610838450962874,0.5144412820000964,0.34919974071220666
-1.2158050753869094,-0.8776647764437503,1.0857101572128973,-0.8587580870433991,0.4720409960957503,-0.1699468294171563,-1.4747098298998609,-1.0138298819466018,-1.5606286549704325,-1.3851890327001277,-0.07280743732479619,-0.2438403258694757,-0.11476187920934933,-0.30978756424912574,-1.265112074260553,-1.122801386690229,-0.5442893016793939,-0.4697093883975536
0.11981654352353865,-0.2297638307589559,-0.06501525231685626,1.570587032764629,0.6655760256989993,0.8608264828966383,0.9629303110945656,1.1643129285691147,0.21843253026804568,0.5511118041508546,-0.09573277792395697,0.9451345335323633,0.339513494229506,0.4531809221740694,0.25737766517852456,0.4514606146233486,0.6887925319171101,0.5448933750279353
-0.8796997061481591,-0.724838136177073,-0.5649393415154816,-1.0883147358180387,-0.7228685873584316,-1.0943648215481967,-0.10148222871124463,-1.6499930720466471,-1.484955641026567,-1.5863098236113082,0.5210467993744317,-0.42926045631567916,-0.04667667407450534,-0.09798937467463774,-0.8728057660085353,-1.4233112030565163,-1.294279400069527,-1.3390949085870387
-1.3014015914546926,0.9214046605083442,-0.7869755442065456,-2.473591004152442,-1.3351631854043982,-1.1774741148309755,-1.671935968914213,-2.3770211708632742,-1.6219977676719608,-1.8746925002935098,-0.22869541231274323,-1.1204412885921118,-0.061942455914507366,-0.4572682264343394,-0.6645858448180825,-1.5034844448813702,-1.7650207782620586,-1.786298951991704
-1.0529605960536248,-0.37654263806010696,-0.33365781299750535,-1.6283883418909795,-0.9001600878146879,-0.9309047588400498,-0.8768498279060585,-1.7918477917963542,-1.699534389870789,-1.4140325619673317,0.16785858898335945,-0.784318617342571,-0.025622440796174695,-0.20535446137977248,-0.8064505630290292,-1.4665062498735424,-1.2576331528690778,-1.2726509262022587
-0.0598848679658664,0.11909359841779142,0.17357056563315704,1.7812581859908247,0.7666825451311083,1.0222132960190693,1.056848101179812,1.6052855389230412,0.5147076799739196,1.2887770920606263,0.8180742534484906,1.3229098253678269,0.5688122389913748,0.613939360159963,0.645718624488313,1.057419802816196,1.0315566359318402,0.8545104764484106
-0.9121881316760401,1.753877268446942,1.0036354754658938,0.6687263998507743,0.9122904015706691,0.5416315377043163,0.36555953667034485,0.9163507034415941,0.47627222821461995,0.5537970137090844,0.6463716055085357,0.5841734662106259,0.5999054221842955,0.6476050064688949,0.7411939407805123,0.8548550303208573,0.5765137245308612,0.1694816290638514
0.9144818338571359,-1.2222870683375522,-0.22291956636880217,1.2951952741544106,0.06937316357992127,0.23357423277836561,-0.3528809059152696,-0.5007402435474624,-0.15506145673203212,0.5203021308142707,-1.2157638980244425,-0.3320969381332882,-0.33103611856257253,-0.25582957435976983,-1.715040672179162,-0.529868354283251,1.2876433726271113,1.8032979303321843
-1.0198975285415766,0.4574956702676585,1.5399567199923434,0.3560911567230039,1.2663333600270856,2.6784434812477538,-0.9286220454587787,0.24121106829340985,0.3336568813816511,-0.3958474018445003,0.28682773224021946,0.7247097693556852,0.14743530355913786,-0.010830302866381704,-0.2771252354118258,0.4256561350668536,1.1108407748609814,0.37884125630043125
-1.272494541403213,2.3789007652465033,4.068608581031806,0.6188479845844982,3.1554312330898657,2.32450835644385,-0.766861315300164,1.143929879024078,0.8920181365468933,0.7604543169546237,0.18612076762496418,1.292278010040458,0.17445190048333917,0.27899403169364656,0.04439185890374221,1.9265703499259041,1.5047697827452335,1.4472585952795725
-0.8678501964319599,1.629053446032004,-0.6624667537174522,-0.5823780923287529,-1.0439115639388856,-1.166957185126983,0.18573462030011134,0.03367358294597381,0.18427774245017325,-0.19698574422533296,0.831266534971745,-0.06118361981097746,0.6114092978038206,0.6099330264864369,0.9112360191938718,-0.07234623959952277,-1.2561834827968927,-1.215288613375448
-1.2829981763131304,2.6130802276317286,-0.4399163128580985,-1.7024353754284052,-1.1471353881023536,-0.6618042270376732,-1.0777924957583433,-1.6117932398505952,-0.9531629122617858,-1.2094242869564709,0.1206812613116058,-0.47402253943023204,0.14542177020062294,-0.002973454395148221,0.03910359407097894,-0.5754729973661391,-0.9659211557385403,-0.8907446619268518
-1.1359352542649686,0.16438267460859218,0.8759605239665652,-1.4550837448763774,-0.11547389935083131,0.19962767564815997,-1.205051968699676,-1.58725949377059,-1.066910583757994,-1.030064093686104,0.04115523626634488,-0.28880694929696743,0.0705905107595717,-0.21859326367936674,-0.5258644325911261,-0.591013334026529,0.5040877818906182,-0.3934022867937325
0.039949916312623616,-0.4915391437443907,0.131556360602988,1.5449671261338944,1.1688484479131993,0.5196314220386679,1.1826072255202669,1.2055967191581964,-0.02046568151021973,0.019858131015393517,0.398905784198929,1.2136157073317313,0.3861337762064136,0.34913460163167703,-0.16923976028598336,-0.10064690667611609,1.2033881195573655,0.9606340015396064
-0.7470800989033312,0.33788523884716526,-0.2941198387923608,0.3536547010031393,0.0385225512624036,-0.6000419537500857,0.13112939065211673,-0.17175334573183168,-0.42097698589017474,-0.33424880781994015,0.7155166813142969,0.24233436472902295,0.4905883097243998,0.35364090775947576,0.3086720351446791,-0.3164830446028775,-0.6614058476546134,-0.8267486181550311
-0.3887146326495264,0.5034238314203711,0.382348530346616,1.506790730999903,-0.04832228504189538,0.5159462292122172,1.5060823484908399,1.342008173540822,0.4916016802263601,0.5183320349004019,1.4365599044030495,1.807891642125195,0.9053922626034936,0.7882594826022101,1.0029221491602696,1.4533634125272974,1.2993027344674615,0.9737381608556422
-1.2114039658027935,1.4552100044961374,1.4180784581912975,-0.3654243957717772,0.37669053446155354,1.12854118782161,-0.9863432029756465,-0.5450937403329881,-0.8646671602417549,-0.11249000267339138,0.0988112034302758,-0.18046300792809292,0.21035813828300062,-0.08109565354833323,-0.24427361432666234,-0.2958163802019639,0.18885060978157692,-0.15672730104747395
-1.1691013254076053,-1.3115659069055272,-0.9830649476329413,-2.4111954670730724,-1.5225492023372744,-1.4678823211441108,-1.3120162810476408,-2.4163851463729182,-1.7846795230118289,-2.121232935531864,-0.15210149961093283,-1.131107412825273,-0.14742497606803256,-0.4220588452226218,-1.411646577769208,-2.372747844132243,-1.8591262070777816,-1.950980739638493
-0.6769697033507652,1.366833269325725,0.6195326628309383,1.2038083167967102,2.063977871050493,0.32224219123992237,1.2181766884879706,1.8128415532215654,0.7622909024790128,1.122392931759358,1.6503175214648542,1.641070943425298,0.8708246176551888,1.0145106787002554,0.9606272292223947,1.5189314181430138,0.8592903422850596,0.42371094499104334
-0.16185712729365156,0.8983142942683231,-0.8987429483372223,0.8444000937700199,-0.867781686579877,-1.2376042512337224,1.431013430856095,1.0616089156511068,1.0347081038385082,0.6426987998825479,1.0183225174144064,0.5079303745054647,1.0224952395807605,0.9060130590997785,1.6452132449979464,0.39091346941386756,-1.2508290691221973,-1.314678341534834
-1.0130872368990873,1.214364748491069,1.7677483393193616,0.1369565269943849,2.2943616348908313,1.728005204569941,-0.21840251286861362,0.8493372241660664,0.33850641457806774,0.5633634775555489,0.3596012422490879,1.738220635215523,0.1854842880350538,0.3182089308797222,-0.0706837927556692,0.9699264105317433,0.2424765427159546,0.6371189742298367
-1.2919569127169048,0.2578817483987202,2.911601297424724,-1.2660726154263835,0.9713365367530409,1.9659163789218561,-1.4956426303456194,-0.921644765203463,-0.6005320221184204,-0.7985054302590997,-0.09939489697683286,0.20595113953048913,0.06986669520210273,-0.29088308694718296,-0.7116278188879566,-0.6296093582494259,0.279323657744059,0.4050295990077065
-0.5225988633508043,0.07566132193903188,0.054638337209483315,1.1225288636527095,0.6966204922965283,-0.052098478483894706,1.3009766595465593,0.8123501785660632,-0.14219440962500024,0.01698503282787457,1.4592637410056017,0.8804182505476369,0.4624365741128688,0.5971683218456081,0.3679120762794895,0.18234094879145565,0.2854988307601015,0.009528531530234986
0.26034295822807896,-0.7428152744199586,-0.21799962689097152,0.5785560393686107,0.44476444531210624,0.48733136960414714,0.813474766174005,0.7261744734488329,-0.4323519950409843,-0.14776591584821494,-0.3591069954268737,0.38976686405576316,0.04135773670811134,0.09299604342903109,-0.6751590985126101,-0.20790711612656504,0.16545319647858844,0.4523332480287498
-1.1030949869994142,2.1494081086825774,2.5212558819825914,-0.2135373388499671,2.449865017074101,1.4200161028561133,-0.0889029299290785,0.5924520180689387,0.6646189948181173,0.9729513415770681,0.4259036666017813,0.8945961084402507,0.15738945937780482,0.21363823772410073,0.17610607615210339,1.5704104054589754,1.8790994003878627,1.1817119700221672
-0.8478769989735461,1.0287514693940865,0.5018502130394783,-0.27947466434663165,1.6570820865494282,0.7606293561525808,0.009529482322872105,0.5588482687588097,0.1596615516334958,0.013142346209858697,0.832268525366937,0.7249710890730623,0.4700194046804515,0.5741752776329684,0.3957489804407865,0.33185733808282164,0.24292047091821742,0.04580042187590988
1.47354031129421,-0.8279101097473589,-0.9738211370514966,-1.204973465982437,-1.404274197222229,-1.353751854591647,-0.670440012774655,-1.589322517903447,-0.9951960121578624,-1.2158742652417218,-1.4481982118483994,-1.5262609756068466,-0.5225157168522004,-0.4462696129773241,-0.738310436838212,-1.2259045042306225,-1.1798398811084565,-1.3594043618662692
-1.244352426804354,0.8530227311370221,2.123189859940819,-0.6771305454178316,1.1490636746953304,2.0623067792423124,-1.0369043306870558,-0.8895500374339301,-0.609706059095506,-0.7333362576347608,-0.05369120405348302,0.11198869597375341,-0.040948805773632184,-0.23925950891716546,-0.5037363002239315,-0.4871155254896179,-0.0002598202230209853,0.33525001078294503
-0.4429230972761233,0.619242177924462,0.19536938738048298,1.3458293252273232,1.5001463889854558,0.041378423889225684,1.3085238389155778,1.8278054208168208,0.3375025174409566,0.5860712724140298,1.5120888036636266,1.25802422963042,0.9182142148831082,0.9503650022172547,1.0746723611564506,1.1491745730105596,0.980887389302887,0.6181363105308072
-1.1276457482689695,-1.5133617421058272,-0.35420974063954014,-1.721060147190148,-0.5554736008051652,-0.5973977400912187,-1.1220603346309228,-1.8745486280790198,-0.9906052417432927,-1.2532130329832962,0.06719365129937949,-0.6453671554459167,-0.13998574634573846,-0.3861393115506793,-1.5074059610207304,-1.9101275815123553,-1.430081523615645,-1.4320393644567357
-1.2230658238890537,2.411278282782326,-0.8319861819025584,-1.9076452335578025,-1.2113221346285188,-1.3193217406687188,-1.0005792465410859,-1.6977079884071309,-0.8264419077450862,-1.148650605305909,0.2190760497456359,-0.7386687400246771,0.22510133903549467,0.002339267376493775,0.08386639470051015,-0.49802013585560356,-0.8225670477262166,-0.7915449034452378
-1.1607086161615783,0.28084018440342945,1.50379036852233,-0.6305200892555164,1.1553955910428904,1.6180464098269791,-1.234451759970748,-1.2482033910799535,-1.4069320116517907,-0.7626292555199335,0.2480716114164446,0.05415343430978213,0.07664439132527387,-0.2331750917806547,-0.6954291469401106,-0.6619693196809302,-0.25356117183785926,0.4004016760616509
0.6792872007928155,0.5730254631360022,-0.9124358254413885,-0.7695975884193806,-1.3815597686257572,-1.3157717681449224,-0.28683051294730644,-0.11854649392997373,1.8666104362453217,1.3794209267651978,-0.9314453429715654,-1.0329324459880918,0.07143909457403283,0.1523833226039575,1.8750169311915417,0.8125040812158165,-0.9469661368298935,-1.143565111682916
-0.8010449591950131,1.4189021173818894,-0.6167256008899614,-0.4169728430136912,-1.078061263537652,-1.213005670570006,0.5497202673620717,-0.01686919093825378,0.09251910669362148,-0.1096498857623073,0.9750718065084426,0.14847967922417593,0.666388993082506,0.6673432503508956,0.9020729478139692,0.07944643312310068,-1.201177011098583,-1.2429890106071446
-0.7323766331850109,-1.3583491790505646,0.8230452677052542,0.8048919565832722,1.576674967357225,0.8742459744065059,0.5508566993277146,0.653092921868448,0.6720241733378426,0.49600967082416647,1.0802571719187692,0.5805371712352293,-0.07257493065652701,0.02209032747914709,-1.4746354623080622,-0.4997246269831181,1.2525982494590537,0.743645648914684
0.5600807036165331,0.2131592050867361,-0.3959690438484278,0.417716658831382,-0.5322461303851763,-0.262178152364881,-0.009877752611213871,0.437444116572934,1.3248696313998702,1.2396330392022794,-0.8549694177170379,-0.3634870548042019,0.16469973634098778,0.21418550784745005,1.1687324401287877,0.909275383711349,0.3231697110797655,0.2120854538463184
-1.2351016378039779,2.1674737731952747,3.9067456464913177,0.17136824120168984,2.7233651441833118,2.7734732191176232,-0.6281300749144101,1.2992779086321535,0.9566015422918429,1.1393850087434356,0.010174107829303577,0.8970001918070862,0.23809943257522945,0.651343676016582,0.2597857366178203,1.066633960882965,3.1631809514213303,1.514595546589522
-1.0343738335762798,-0.49235456159975666,-0.9619494598875741,-1.9074694585942604,-1.4643210402571056,-1.6018884985692445,-0.8018321695153643,-2.2128738201845044,-1.8751531195876456,-2.103438221433675,0.20047686160727282,-0.8268114830581768,-0.034171705076136226,-0.24542584234057876,-0.8088171992780585,-1.7034232007697445,-1.7873840100525222,-1.6744727315780374
-0.965933872204637,1.9563222930288233,1.3961689262154826,1.1550504754294866,1.168146346038021,1.302388206418907,-0.16967602318220246,1.9593940574436381,1.028957227248125,0.5331645746154975,0.7002594222126989,0.6003293763116531,0.5615655125146232,0.7285640935644402,0.7523939287585415,1.297508673224083,0.7692059730018789,0.680844832833468
-0.6191428619132928,0.4839069343192432,-0.27346203858626633,0.8744345935065567,-0.03730910268235069,-0.7304866996788651,0.8336155283524503,0.6817722349825639,-0.18810986673459254,-0.12872778310504868,1.2004345884457799,0.518664154121244,0.6784985298940194,0.5346942207449263,0.6379871971331195,0.18001084663763706,-0.28564558606230794,-0.6954519786467852
0.265084372170097,-1.3149874817473772,0.1098669701613706,1.5142721909369734,1.0013290611664367,0.7502624845576289,0.5181321002610011,1.2622119261529055,-0.33549432322761286,0.43050894789040667,-0.16586121172231744,0.6348189633654743,-0.24493151308783037,0.04874591523051564,-1.5018289801344962,-0.18811763361341197,1.6147240479525073,1.0991563647307825
1.462717946521084,-0.6979764372662797,-0.31996216952776046,0.4032864043322847,0.12036795413476392,0.7617932779906061,-0.7342339821623771,0.02196459401751872,0.05668111247964324,0.29760983772523647,-1.2200451608552694,0.31740842319831697,-0.36215324323194104,-0.19769133796174035,-0.3561306058987873,-1.918500788439563,1.482002953614361,1.7775994288895378
0.07415197803472977,-0.8994044794234793,-0.24025791554839476,1.1399043633647419,0.063466946899011,0.37052776745512245,1.261765109918994,0.6973558526334034,-0.5415041401411775,-0.20355550004468012,-0.016984458457416505,0.8424500980368053,0.09391560326448628,0.12350808368675584,-0.7932382389824681,-0.3802762428788153,0.3595956014444011,0.23443017175676212
-0.34095123718721665,0.09031210872524136,-0.9223700736067555,0.8535027057507051,-1.2237673361124346,-1.1776750983183204,2.228310518763767,0.5325107378942086,-0.3820723648340319,-0.8528741481575772,1.9385770966303877,0.32424546857319253,0.7015177372952914,0.7220224929699436,0.6384485153119384,-0.36981455872455365,-1.2101416432672023,-1.287931030981062
-1.1936601213595852,2.3614744206822222,1.7461799460938126,-0.5358738015418317,0.9273270050276826,1.268911981232705,-0.31421765294135423,-0.09266359107428321,-0.3070066320700333,0.02617356052010544,0.38865767838802634,0.17456057408831094,0.26550382502031494,0.2610812434839879,0.15257451261513075,0.5041066948417521,0.37770784985442946,0.4793142233438098
-1.2293688825367257,-0.733885939031944,0.32141990537969156,-1.6702439325780396,-0.6684655309385104,-0.08369225159271042,-1.2273871758749173,-2.0236180134876913,-1.1826446550416256,-1.8154753127277534,-0.18699938339904143,-0.7944218900543712,-0.11570682045528574,-0.41783957498982827,-1.1689731978809188,-1.461837877112017,-0.9912656573441313,-0.868021492629214
-0.5183463610819562,-0.12358146322467703,0.4793641093111767,1.4340938520793773,1.2463551975390124,0.2592898112266831,1.1021238459498597,1.306461448357332,0.12234279063990854,0.13391946218230227,1.0293103419771346,0.734061243056453,0.43749214892996974,0.5809064420176744,0.10297280471787733,0.8683627734704309,1.1269128216910014,1.1479530881835531
-0.9268761081735059,-1.1185171016261455,0.2276604568626821,0.042688955654399355,0.35072370726971835,-0.058643560196064294,-0.4344875078930697,-0.24326520634208293,-0.6716835144107464,-1.206975524612154,0.47058842067007967,0.10701024107219263,-0.043838544245600575,-0.020455626200244263,-1.299067778965055,-1.065938237328332,-0.6444241628657701,-0.67332446092221
-0.25114749815367543,1.0250347612943782,-0.3875259640393572,1.2455369393338926,-0.06356852401102694,-0.3421431567861183,1.6821678521918721,1.4672251796532505,1.1964956304226657,1.0104352166499013,1.4497472336258643,1.3891680883887483,1.0622045413342172,1.0927279605230062,1.6567584992708948,1.3141824322051752,-0.10047103343987923,-0.3465841096115708
-1.2157488076575058,0.14078021892538833,3.219798312342647,0.4718487051543909,2.2559206336449162,1.8847363248763347,-1.4812100092358655,0.006519028895326499,-0.10789170392055794,-0.32044363951523536,0.27060527259034695,0.679671821973415,0.11431262800125867,0.10137415240294767,-0.7073414683700949,-0.24563424321268085,0.8338170361192065,0.7741212787231675
1.7616484683263596,0.004735932917811004,-0.2786026617503427,0.1464942915473784,0.37138811179086345,0.9802697016371414,-1.133821190478088,0.785248350078238,2.3532375627227267,2.2504102983853382,-0.8856152653106862,0.4093220847946649,-0.42641218815479837,-0.22731417657605107,1.5196659834317396,2.1172452920674103,2.009396414447733,-1.5571716462813774
-1.1333342878304553,1.478213675402857,2.822193759003149,1.5438895890164883,2.337984881949881,1.2651880663839796,-1.0592043388239722,0.4683093646363685,1.2218095571619985,0.37608527511186196,0.16289649287757674,0.6722842088941837,0.3555633522799962,0.4191337161679611,-0.3210838317509221,0.562904172745814,1.1570247196653096,1.0236939067441213
-1.3003238710552847,-1.3296692084232737,5.0778131013138195,-0.011413473490371702,2.5241333227701337,2.2713149642728996,-0.9335644268228145,1.0218815809771762,0.8817438202118769,0.7236925120587304,0.11419256082137817,0.928049544426748,-0.10525504334113588,-0.06945720751904519,-1.220203986437584,0.12434795895574532,1.2769301616446398,1.1651753164646173
1.5427018751049149,0.31326938428346474,-0.517416211363227,-0.21479227626233305,-0.4322817387471633,0.06946013524280814,-1.0393585044401932,0.5451106801759174,2.816586443987032,2.4607644946982505,-0.7596513055066262,-0.32848268157596655,-0.3092508041889007,-0.24783190222586415,2.115629768227928,1.7922028622928003,0.7720682294936897,1.2251447704632297
0.6542826452761076,-0.5052467681370241,-0.08261537057700671,0.9248181388180788,0.25787909024711214,1.047973562021048,0.16126040889089963,0.9496445453671338,0.41673601004844973,0.8128275190103902,-1.0206997708447743,0.23193321879542525,-0.10320574614228155,0.06507225304677743,-0.18451996309360147,0.5352144926713346,1.143220607990057,1.1605235802181963
-0.005724979482159416,0.676398219431345,-0.6263234854134861,1.1093043003914074,-0.2139685869919069,-0.43965625096266564,1.0778140322902952,0.9690782821605965,1.0054628183819452,0.8161565797572383,0.2211546940374968,0.7541508029002659,0.7066081858945449,0.8419518267314084,1.4847588971615286,0.6500715039962593,-0.6517508157163722,-0.7622196079784618
-0.6880985213915937,-1.4664319216067114,-0.003864859359590098,-0.02832686687751605,0.20475733765163479,-0.278973593935801,0.8005642117150827,1.1667702312264172,-0.18491996723513643,-0.34761598176397257,1.1063472310582412,0.13886915587398443,-0.15679482470026868,-0.005352857148557048,-1.4556890977475272,-1.2346525538331172,-0.1393776948439663,-0.19533340038630082
-1.2703591374055996,2.674645129985707,2.0593321264713573,-0.8231425579271552,0.7833033976908047,0.7704821703831762,-1.3384509501431738,-0.3404580146191569,-0.2722482243079625,0.18253480577578476,0.12465377749073464,0.6960813808518749,0.24582755736800174,0.26277223717579173,0.23778699485729202,0.9349557118603352,-0.1691849462933834,0.6470148808199985
-1.0970566892281508,0.18487130944128705,0.7069997070096858,-0.8988461141921842,0.5511075268620842,0.21858861255791598,-1.0200164991859348,-0.8480242798694805,-0.2771450728424678,-0.8529700812244491,0.22595930789882307,-0.08769557415249958,0.16223571232182912,-0.1784046523198202,-0.6468727121188496,-0.7495591461639415,-0.5357712678950101,-0.42292524552838806
-0.5982257140321152,-0.4263956906683712,0.5602303271922986,1.2563084756144067,1.305105443216776,0.7715404715521751,0.9278701282858226,0.7833759590616224,-0.21034889133257115,0.21971945883032537,1.1927197677369499,0.9242793087304406,0.06595106593221788,0.1998546279314328,-0.24120682366428092,0.07135674644407956,0.7663666903402128,0.42804342033710047
0.2966324529013336,0.397241992605726,-0.6908567681375493,0.13363010412996967,-0.4361376216536128,-0.972700447238767,0.39755275553481645,0.2507128690557133,0.9595228547600725,0.7017612316849066,-0.6088473615416181,-0.47750580220386807,0.2770808324292136,0.3406274285512669,1.297707599554396,0.6227866759111294,-0.7069937152416534,-0.8050564566342465
-1.2859194321377205,2.235211536021537,4.717885209938331,0.9874991412338311,2.845005525994375,3.7642111749693776,-0.9459864441234273,1.2219665879594939,0.9375307608770342,0.6125324137117871,0.4921061725875199,1.3730278798801447,0.2771845003266454,0.48805835327822783,-0.14276242549324086,0.9886540076637937,1.4936411077690799,2.011468649682567
-0.11883450636734431,-1.249003545588904,-0.46790997242703086,1.0546655997035006,0.15280314255567476,-0.18575939503413547,1.8333506451060315,0.7604877772213746,-0.6687091763963666,-0.22197012197937202,0.6482312020113237,0.4103255385862207,-0.11627917766664764,-0.05042356770311024,-1.2216576156339818,-1.3490732276373405,-0.7149267122981842,-0.4239901750521706
1.6294424975118298,-0.3904055102030171,-0.5476017569092904,-0.45472226953444855,-0.39222378686779247,-0.06166150428083742,-0.8463542629391079,-0.357816239242502,0.6952173681633864,0.8074135077457633,-1.2236090647426663,-0.23393210159827568,-0.4465804245864306,-0.37178869720432295,0.5618369607143563,0.5439009235849368,0.7899313162426962,0.9641030970268366
-1.0917258209157716,-0.273909614383649,1.7152216253591888,-0.7206020961371407,0.2980652401929022,1.569983159114486,-1.1170161208441323,0.7639841602982003,0.13593983374699045,-0.35614671923555774,0.13912689832697372,0.15287897250419802,0.104586316521845,-0.09125787512384144,-0.8756586933670472,-0.5462184816959862,0.3219295340385609,0.5332046715318128
-0.9249149469938189,1.8975652542016581,0.35607771877586814,-0.4340919714509949,-0.03234379235171363,0.09431645659796509,-0.2176118525610505,1.1099384783041106,0.2376510153771376,0.8844390296470719,0.920683813810284,0.8218631953969717,0.5345730729121999,0.695823277011486,0.8949569780473753,0.9884736545512367,0.1957688284269323,0.3770486480050549
-0.3138798719026648,-1.0081601890580758,-0.1177881589122047,1.1088607767119867,0.22091068811544784,-0.27440616601841683,1.9343712727902027,0.7304134179156003,-0.5941420045387896,-0.3813515153441191,1.5658233134057424,0.5698546847990406,-0.034060048773714754,0.08934392588892945,-0.8920805009685896,-0.4972528413743017,-0.09737462329463867,0.10495847610697806
-1.204752037875659,0.7914572021523667,-0.5083859252807263,-2.22893766803807,-0.9266562495347269,-0.8149565654682228,-1.1661284173771216,-2.156598070715393,-1.467215234764917,-1.7072983219444688,-0.16371157927814864,-0.7162098532231537,0.06488502810453321,-0.2925542606713154,-0.49738262633246944,-1.2300499290428792,-1.4925135382776697,-1.6428449236670413
-0.7891062195895248,-0.8425764790761117,-0.7231358268666824,-0.8044131509196871,-1.0463899215705268,-1.2963156588626852,0.06325284162673395,-1.3488901215925004,-1.7157223340574,-1.8666733840044671,0.7071636752755414,-0.5635158378552484,-0.060606680039598945,-0.04769341484554266,-0.8725477506868907,-1.5018740664149028,-1.4424988241869807,-1.4754081494115021
-1.142778398900463,2.128830502084824,-0.9274056513361789,-1.8411240690542232,-1.292296399633552,-1.4218754439967023,-0.8124590985124053,-1.6133303579277851,-0.6248907687748171,-0.9345222526711472,0.20858483219906218,-0.6319962872892378,0.31567582592420046,0.14289687294627557,0.2688937501459271,-0.5600128116082966,-1.3338048299672842,-0.9952261465165315
0.7559989675305039,-1.1261708421507761,-0.8757818290561106,-0.9399048561896074,-1.2019223867640414,-1.250783978110559,-0.11747889728644384,-1.0204277035550415,-1.2178099416977182,-1.2445057277908333,-1.3445171850291118,-1.3589284369967274,-0.3410511269522463,-0.2515392492393135,-1.4237717560918584,-1.7009261046558295,-1.0861630417290988,-1.3031497803119783
-1.2900425373432631,-0.6687956908168609,1.3650964894254012,-1.3134736263721236,0.7577981487271286,0.8897007542221314,-1.709801853724187,-1.557972910400322,-0.9607580750409016,-1.7432357629224422,-0.134732910671941,-0.1788124948910085,0.0404057596720632,-0.5561469287220201,-1.0976027041603689,-1.1716869499994862,-0.7028999126703097,-0.40762977286457497
1.1715493802009511,-0.13642166920684096,-0.630912517523292,-0.4955325650069455,-0.7592659306447754,-0.5037160012059502,-0.56636306690278,-0.09165805370329305,1.032218134064475,0.8074623940275963,-1.1865866152887425,-0.6071045678029514,-0.3090638305623741,-0.19238965370483105,0.8529072259024866,0.7398346271588234,0.1715412251690969,0.20896734328454986
-1.026535876108743,1.1117336047066424,-0.3815721475564677,-1.2526386842622954,-0.48864855651425304,-0.6651246817047819,-0.6415300049991638,-0.977729463704194,-0.8818543365447088,-1.058462937546505,0.2619774557684704,-0.4018430611419872,0.2770822443385751,0.11936561830025717,0.03884331740663232,-0.5659858362482754,-1.0417730592803234,-1.2928296219471704
1.321517541732767,0.06211803144149477,-0.16683604304506913,0.20595996765638266,0.3106090466858563,0.9503914477738238,-0.878548098426947,0.9041912960340743,1.9822114753748203,2.2865767169025166,-0.8729286210551581,0.12809403413576467,-0.10590270529080303,-7.8362586963578496,1.350720084960318,2.224826458121195,1.9409882323119123,2.4426071142865955
-0.9053330036360908,-0.22024578564081398,-0.8082249852117971,-1.384233318512582,-1.182049242779704,-1.3901875947847369,-0.33622888321319655,-1.6810280312689048,-1.5716164921851403,-1.7857491795366125,0.23885766787092275,-0.5746497460296889,0.06712185286462555,-0.006183749048513399,-0.5373530944518197,-1.3282033657189096,-1.5758151243027068,-1.5165024188036085
-1.2460696280769996,-1.3871421341262866,4.0204656112232255,-0.44519852799621473,1.7893995142578274,4.658912251436978,-0.8448842704775488,0.6322822674439805,-0.18231270540384106,0.5725546792982266,0.30477101890911323,0.5276741323401154,0.04613492315734482,-0.07533491960382743,-1.4898609196745296,-0.48043538702752153,1.4495853907402025,1.406584878886128
-0.4898081422538516,-1.2048489891347298,-0.5857318734561963,0.7300603005423015,-0.5886008752091585,-0.9782780662081529,1.6464760782946197,0.33646579072683475,-1.019239762518989,-1.0918746678182512,1.6064437558334244,0.09375492806459888,-0.030659358013829987,-0.18559832267646137,-1.1337298766164743,-1.3871545843951112,-0.7396271423175295,-1.2102466752789984
1.8877894141981606,-0.24025062732184366,-0.9038325466527718,-1.032653634867022,-1.159355312817305,-1.0581422687993116,-1.0694820684315798,-0.6398146236627625,1.3211020404683438,0.850197776756746,-1.1630050484287193,-1.0895026399536762,-0.6689731505071143,-0.6105154562083033,1.0405465078594287,0.3705256724139434,-0.7853673993020078,-0.5041753365618651
-1.252062287853993,-0.367599139839677,2.2992121030641886,-0.905313889300613,1.4246689708447011,1.800571248969874,-1.277181200557003,-1.2031287714553094,-0.15397627617402493,-0.011305343345081858,-0.49400102296357973,0.34323567477120315,-0.07465133828361269,-0.2524979179114612,-0.9401655889288569,-0.5672084156835958,-0.39075641706171227,0.41991726663990603
-1.1832119837727981,1.7422867255883405,-0.00012282166359631221,-1.4724027822200656,-0.1754890006253248,-0.6045535589000662,-0.9069557252858238,-1.5534181119089272,-0.9957242088292695,-1.1838738741170114,0.214444293363985,-0.36943465855458535,0.12271244172144614,-0.12957517927878018,-0.0016595362311043213,-0.6268348023526711,-1.1561203420519908,-1.3859358446223293
-0.8566268273961684,-0.5431850063023393,0.20397262446509618,-0.5079018337409824,1.3638228309156433,0.24340264646754875,-0.07525826540646272,-0.43776579049401537,-0.4538520251956183,-0.7676525932514924,0.5475391831656106,-0.020766693686867156,0.0689346764123205,-0.1515430814126902,-0.7296726777606789,-0.8330521284485707,-0.08453789914953744,-0.4424826829452596
0.13645036664684576,0.28559559159722603,-0.33832884907991995,1.0019537763754867,-0.2760879518612451,-0.11301122544993578,0.8460170409453102,0.7462167950298993,0.6158092754937673,0.9155700002301802,-0.17394568546400466,0.6666885743325003,0.5223382717228101,0.5738192236838057,0.9878092925931518,0.7021386131742996,0.33658516237020325,0.05575732893593488
-1.2721453009563557,0.45111851840350176,0.42652106353227215,-1.5995245793185784,-0.7025453879511284,0.6275666411145371,-1.6135292116789648,-2.027855667156541,-1.1558475220311453,-1.6947997324233577,-0.17288839403931694,-0.6905312903219528,0.003925902475667724,-0.4623130884758327,-0.7096731639193657,-1.192335571833474,-0.8978926908425755,-1.0779656789930698
0.25262196215660115,0.6648527890859501,-0.9715633796005215,-0.39305118360770375,-1.3315691387168798,-1.4800689049581714,0.35954543314008836,0.13739063782586697,1.2730218484588793,0.8585987012304612,-0.6336769915688554,-0.7617327744263144,0.3828256429737798,0.4064546215898596,1.5836795697128838,0.4579069258068985,-1.2887828057799409,-1.3391144753116435
-0.5277664460810328,-1.4728544895083087,0.34510437365431235,1.166215840700996,1.6287095224396713,0.5805721988661786,1.0431886258182919,1.2670771540086425,-0.22075649180904652,0.19375391071807377,1.4054377912782823,0.7023686804028666,-0.03403393875361929,0.1478793605176191,-1.4593069598966824,-0.7968530119771877,1.4093787601565784,0.25065467660743024
-0.15638692149370934,-0.32423262531315866,-0.2603000117451973,1.2105976901533912,0.34134716598449305,0.33511197761899053,1.854973613847769,0.990063560241627,-0.3872561211898615,-0.18426496729785652,1.1298867224352633,0.770331698232376,0.5180345609082262,0.45243531036915857,0.09316499432188496,0.11671652987931116,-0.26989357044310774,0.03364234681672472
-1.2841269057173423,-1.1263565549221797,3.0855296659303253,0.05813195915352884,2.430249304939281,3.5468956982391937,-1.243950942723649,-0.8750811311730882,-1.0770534127148113,-0.49811597690996856,-0.03097410751949373,0.41341154193281127,-0.08005243474712463,-0.25361051360328235,-1.2461338227463041,-0.8830153750514478,0.18403786150201534,0.5103119613720519
-0.9434186521892192,0.17075919984207175,0.1302994783888105,-0.59528305081277,0.16638932647666882,0.37355387415340024,-0.45075013061707897,-0.6739855864085463,-0.41928191074587623,-0.9820497129863844,0.4044292860746661,0.08510322444531178,0.0811050216788339,0.056473985980293205,-0.4075056011744192,-0.36840150120985166,-0.7137681748102924,-0.5741012270401845
-1.089939532602866,1.4667999207240614,0.549324598162075,-1.3099558048432662,0.3785158892392681,0.6544252208839073,-0.6757884654388671,-0.8662769788870887,-0.24318887887404134,-0.5963538797305855,0.28468116487343775,-0.2118454355269383,0.25009465995072583,0.14589522320750106,0.21229294700382154,-0.20889645686918093,-0.5413177364662128,-0.7175662073817719
-1.1694928851755573,2.839030756381726,2.725044511756063,-0.07963031812790318,2.281594917327426,2.561499062588175,-0.6792088652363806,1.304812055135502,0.8019718190890421,1.2988305964817597,0.5624447724026229,1.0132498005215618,0.5169364288286867,0.6873973366944555,0.3460017820618239,1.6695661910740442,2.258976615125782,1.1155716387536314
-0.38079070470385556,-0.5760300539655329,0.08982150984160295,1.2189918911392121,1.175490951263448,0.3244890683471708,1.7117452067441496,0.9250962262102616,-0.35927726206022265,-0.2084085253206082,1.4930290619425746,0.8734096724412812,0.2899426101873647,0.34082380854420224,0.016134571140181932,-0.20055114472123173,0.1640196735811325,0.17975242450437065
-0.7546998068237752,-1.067536285143243,-0.9382616274899883,-0.9981892307644862,-1.39737677769804,-1.606316164937428,0.36915657067312996,-1.2216964309862877,-1.7910471277907858,-2.0070917648918476,0.8432012007728112,-0.578165516668954,-0.07672455017612373,-0.05565756256984736,-1.049444900552041,-1.8309805416903855,-1.7229934415772783,-1.776539682747663
-1.1445710750354203,-0.8942166970624132,1.6383010510707916,-0.35136451334051055,0.9490899198889661,1.2154808767098668,-1.0290234236374907,-0.8870394082119186,-0.9693767297067145,-0.6189903396241648,0.016199072464609488,0.2229368658910078,0.05061201144894715,-0.044810018737899686,-0.9730791656193979,-0.7930073151148198,-0.09122561980901028,-0.3039567655248352
-1.291526826397202,1.2054218769013163,-0.7341590638779979,-2.4105112620484146,-1.2592715929296303,-1.208638124245933,-1.5360026615149147,-2.5509066643484974,-1.6533225030552254,-1.816537157829536,-0.17872082972307485,-1.1171642566652291,-0.0159918053206375,-0.32272290328175096,-0.5324072925045847,-1.4062452605642155,-1.5989674393299083,-1.6803367243778067
-0.7225565856872167,0.0846041935287844,0.9197496027395347,1.179331200575621,2.2009051941092017,1.1195345064755702,0.1383241099245216,1.0781355472844687,0.3519994182183209,-0.16163185216928422,0.727907788964406,0.7754745163456586,0.48574647403284565,0.38443563890758375,-0.12196452316749234,0.6433415212333797,0.8244102099886776,0.5648380817328165
-1.025153667445487,-0.6187499052153873,0.7847804124730609,-0.7735170177392706,0.9104078956983559,1.4513019645421361,-0.5565207335005475,-0.9217891572058745,-0.44782164477711645,-0.5805719074464764,0.11938029705072083,-0.3137327189402856,-0.13979513581967262,-0.06398407954035665,-0.9017579176584493,-0.95673644515309,0.15620901747044016,-0.2577203992198467
-1.2778589301860965,3.455467214800695,3.7797795657455477,0.0829796322401656,1.7749902966587916,1.7463340683025834,-0.8291421289029964,1.1221037821152464,1.0858650105711969,0.472285071544281,0.26969617779647154,1.3309848812007885,0.5883238689480259,0.6747649938704474,0.4210251248704899,1.2019858765100457,0.34066127190874423,1.5366733959703724
0.9066577405834574,-0.16594261736735483,-0.9798534474200168,-1.0688717742672635,-1.4347928221358859,-1.4360172440139805,-0.25011748857596366,-0.6645960959530035,0.45642082638450626,0.005862435851067304,-1.2605556949976815,-1.3430719631379557,-0.16701147994263701,-0.07422197262647685,0.6287545708932076,-0.1070432461737521,-1.1284307829626414,-1.115765995546937
-0.6354680577884435,-0.7745636155914529,-0.3778942089141608,0.07012990003958429,-0.30826743046597416,-0.6016232389735051,0.9890500781969488,0.0313203647278266,-1.30528259946777,-1.142699664047159,1.1067647443686985,-0.017024057052611025,0.010472550676434303,0.09331224377030589,-0.7337863299898184,-0.9380547083847633,-0.9226410559651456,-0.7302178125150324
-1.2926703463542313,-0.465410308992794,-0.6057771113546109,-2.470026192889581,-1.102358521401461,-0.8230288903568124,-1.6938995410032924,-2.7097751552778826,-2.0286163343640338,-2.1407994656354488,-0.2503071572963625,-1.0156960828398651,-0.12252523016228896,-0.5653204767678278,-1.151639312202499,-1.8724665122883826,-1.7124234861860732,-1.7272445691456217
-0.3037851480566342,0.35298365044564034,0.009411033312914482,1.3776642407765263,0.08066215266782385,0.06477443959039264,1.6552015132107865,1.1616158573573996,0.25891202384382916,0.3027930162937815,1.6911919268776798,1.4245836990216663,0.8713792496318771,0.7590837193005656,1.1307636179965719,1.2449158629509653,0.21646895248998213,0.09984346634912301
-1.1262700646661297,2.0038112786007467,0.812150145393305,-0.9359915154720901,-0.042384332529160164,0.6542480543470485,-0.6759801156414849,-0.5503490496839556,-0.11973325972331185,-0.5164353695959771,0.4568509661346193,-0.2069568809786037,0.4035949316280173,0.2381472781346186,0.17798914137727723,0.20218472120090902,0.11834707364060278,-0.11464823427969219
-0.8841342114406298,0.5185617207515099,-0.8574223225925875,-1.3952335766562516,-1.302657239580223,-1.5099435705469584,-0.2982074280675422,-1.2148503032545535,-1.014664497167154,-1.3112637016626507,0.42084660621455755,-0.42242960760278,0.28625682996759405,0.13344302952426468,-0.017018967829288075,-0.7890345938926673,-1.5724678901797333,-1.595885591794099
-1.2212795480523633,0.6714911284492482,1.2668138385684258,-0.9541409415990867,0.6730453955672275,1.5932534971936367,-1.2542621555742095,-0.9080760724809329,-1.0346959890364016,-0.9102884845080491,-0.034225523323215386,-0.059591101050799955,0.07893164809579775,-0.2505131070295468,-0.7326099844474152,0.2423150430476412,-0.2493406299593084,-0.38763782618368003
0.720314591115474,0.14256964604852612,-0.748555960169958,-0.44000857692294804,-1.024894834119066,-0.958423142243986,-0.13529009241418333,-0.050769094662840096,1.0451013373494944,0.7516001407682456,-1.0509861420767246,-0.9901744586585959,0.019590333119150653,0.045086307382360455,1.1742302652603334,0.6031660653377462,-0.6405199912138481,-0.6249974964223652
-0.7995589484234118,-0.31053811120922487,1.0160783306644914,0.8146959338285502,0.9752475830671054,1.4935481754668656,0.25718122100955804,0.8026258207719908,0.1718290288029093,0.5586204181917099,0.5779573824622429,0.6746063328450674,0.19182874437063915,0.28790658827098503,-0.47039079046279547,0.1515646050139209,1.68967912816444,0.46849819450709546
-1.0694280613268508,2.543457951372615,-0.25525731653247574,-1.0060802581661055,-0.2186679855551597,-0.7408661454108422,-0.20307566534571725,-0.5110649810576564,-0.15831881177801854,-0.29496791967188246,0.5434643339467611,0.060458939284883405,0.4596014383410525,0.48703682903616474,0.6831324632672152,0.19114305665178083,-0.2987754405416922,-0.23100323664543052
-0.8957152704398502,0.39249521137484533,1.1549048215425184,0.7050196861304662,1.4010514499939715,1.9360285097593937,-0.3564161647535,0.6985404778647101,0.04809148371437747,0.06847409965575434,0.6045993754356714,0.45731904976548726,0.23237294500199737,0.25147314265181087,0.04069000399324532,0.3119422726760888,0.6138449096405326,0.3055325108628978
-0.6407123598834247,1.5536583346591648,-0.9656665307866862,-0.09290742479713399,-1.142353729313735,-1.5395265561286833,1.13251100369008,0.3478362102580214,0.7572258951512313,0.3007300795330096,1.366372419256129,0.09437294569095449,1.0253731592451842,1.1108894267107197,1.6168607861487467,0.2927450937569059,-1.5195688021127691,-1.577415447531516
-1.036159984650821,1.729527751503261,1.6037645963253822,0.3923097015681375,0.7855478388634407,1.2111565010430114,-0.5049832175577497,0.2909943342459247,-0.1861302915076072,0.5642289026107714,0.544521715547043,0.2818616867298616,0.3362609043527402,0.20050501632368267,0.3552369456763856,0.7898863163898985,1.6800968394706948,0.9757917270668203
-1.2562618036379682,-0.2124019263478309,4.146967262282459,1.6815266914623368,1.9802526492405284,1.8812054038449215,-0.7755889562809074,1.0588479716306265,0.9725075104758667,-0.9807582169103364,-0.009700399276889508,0.7221673504538497,-0.0054602379793519465,0.17622093331260194,-0.9326444949130523,0.3650698136669243,1.2245995856984846,1.6706763713431738
-0.9674118857224584,-1.4171166698816036,-0.7030935082485268,-1.5250085505466247,-1.0375218158188808,-1.1716409907594667,-0.4552457821152712,-1.530336129799629,-1.336809286490196,-1.6346157780652981,0.30964842167963974,-0.7316003029672135,-0.15024110194480905,-0.22893509891185726,-1.4776007779235438,-1.945358004530461,-1.4142358741339423,-1.6808850842706948
0.23062686930414666,-0.26855997527688247,-0.1414728496081782,1.3816054381085077,0.7144838861045079,0.7978515262544221,0.8586243532770872,0.9116644959937857,-0.10258915661923328,0.5758523546113199,-0.3751100503056542,1.0926561271768436,0.1308303328809332,0.3385376252525881,0.11038364689286288,0.4832992985454013,0.588938247746257,1.138251190304344
-0.8381850853222943,1.1586075131044749,0.31781308596502783,-0.2411351254451657,0.9364752901617684,-0.08225953414784785,0.37604232632556894,-0.06452232093144185,0.08575663039229654,0.20370022634087837,0.782343391767199,0.48777339603509096,0.4945987839127093,0.625808865622313,0.6896681423887135,0.31302869131429506,0.23019036669712017,-0.2166490955887575
1.611412065054166,-0.9657376251090322,-0.6441706164875515,-0.7842376223525291,-0.625436324126553,-0.33216941788079163,-0.8619410195033067,-0.7310065162291165,-0.899063113307044,-0.6928288571856824,-1.3675808849743791,-0.24139332120238163,-0.5392701950953602,-0.47743639910010305,-1.1230603868207925,-0.5478932432668231,0.24755501558002022,0.16977707661311495
-1.2603341181724685,2.794573566683776,0.09577532632449254,-1.7387878445306124,-0.23325824158174793,0.548242098665862,-0.8467452419492348,-0.7574539178575848,-0.5452993441933608,-1.0687272633884657,0.13591238865894323,-0.08557685146258431,0.25567058082953287,0.08772483240226317,0.09062489084351416,-0.015954077267698215,-0.28910864494698796,-0.41671853828908695
-0.7766429986220572,-0.17875967717887972,-0.10827029742111285,0.19010533268475652,0.39786474725736104,-0.39789364846418407,0.4553656130282316,-0.6400329708696529,-0.46739195847884013,-0.7693718932012884,0.6571588542510687,-0.12564385142656775,0.10289848765506658,0.33541863606202643,-0.31834378770675686,-0.4256483509663004,-0.6070318148704302,-0.6743007395555111
0.0037438001838488912,-0.6744735375319164,-0.4915975824032636,1.0469466183844363,-0.05131268878308032,0.20175638315818747,1.5909051676888348,0.5875895298218771,-0.6988770519221456,-0.7345023243294254,0.7081796577581505,0.48140057568721223,0.15068044519692034,0.25193653609077377,-0.32789171715247756,-0.48836238409001015,-0.664920455251759,-0.334387800634959
-1.191867582462992,-1.1660048339367146,0.5802755650907131,-1.1234267250416747,0.017015658404990627,0.6404748122383164,-1.111510804389712,-2.0000801702096997,-0.9539716061830456,-1.3145142004196504,-0.06660821361505687,-0.4638574999549962,-0.141648754193989,-0.2960436195680744,-1.3007007384149347,-1.5609000360993683,-0.8527770853160699,-0.6596629148114359
-0.4048374362467801,0.9724232265939962,-0.7437000363378068,0.8388161879933484,-0.35779746045874744,-1.1483439601363394,1.8045187930726816,1.1007752750456208,0.8202933576736763,0.48903237447318393,2.0280234569530413,0.8636148419847224,1.1018394763635337,1.200386298725141,1.5264945750485983,0.5826743313552876,-1.1493759795177583,-1.2123955923870786
-1.2278844811968526,1.313501642961746,1.9537754354863621,-1.0018101128653396,3.5337191392382215,0.8702427648894627,-1.068044347663614,-0.9110189741889883,-0.029721989546970452,-0.8171928838500327,-0.10968315012317757,0.08134690601297156,0.05391868811600356,-0.09959401736545924,-0.13132928690008386,-0.20721845519793294,0.22544247965697017,0.6116486083323888
0.3326049924529558,-1.0546931809941968,-0.8169314536069021,-0.5263277828814691,-1.21139501733044,-1.168222984527696,0.581028406960476,-0.4481505919707181,-1.3983400597034128,-1.2303430694455926,-0.7928786159103497,-0.9779704867603606,-0.21736946836499266,-0.11197511394566924,-1.161475722451277,-1.4778994332707893,-1.060505457643781,-1.2679183394447093
-0.6604706171107603,0.7602140770688146,0.6578066234372728,1.159183698625526,2.2999800904980887,1.0578556953943221,0.5336789391492628,1.4908992145865911,0.7137044015815742,0.971438827872859,1.008489190616152,1.464032259903277,0.7079061174506945,0.7313211353131417,0.65732094620228,1.064865906125268,0.295432711726873,0.9792646526018259
-0.07611000147810205,-0.06239941752781284,-0.573484471021606,0.8968741650126022,-0.05928684679396964,-0.4591876201141133,1.7415786826673387,0.8295285937720234,-0.20249932832942802,-0.3250139079693166,0.9412839324518801,0.7477557819542319,0.424822656835628,0.665392497788676,0.4583522830630739,-0.1282186186548799,-0.697074093919807,-0.5787572966458777
1.3090279834755496,-0.5888866796296606,-0.6652587811598277,-0.4533259135306922,-0.823476724693147,-0.5930382641083085,-0.5742501144154296,-0.4696878625723095,-0.20473898468212864,-0.38436378149789086,-1.3269593846499044,-0.7336414547066332,-0.36314177949028154,-0.27734002736909147,-0.18909939821960284,-0.15970264063192682,0.004569826211904046,0.11379209758958048
-1.0034168821472609,0.932914230934126,1.8497055756412784,-0.18727017692728443,1.3914171153079185,0.8993687018878471,-0.0315878699781733,1.315033634995599,0.49819302742170857,-0.0846555006332092,0.6980681268359251,0.6860740952456598,0.2856667154117674,0.2109162061762968,-0.39426959083268165,0.31700244616041456,1.5587294112394214,0.7730377012231459
-1.3016997043727039,1.8688746847039284,2.9790130669415,-0.5331028262382848,2.313503648120153,1.9096837336872807,-0.8576108557197306,0.22158056794216696,-0.44023728575100074,0.562703550571744,0.07553844780405079,0.8547669253172049,0.11414869167889011,0.020249437520229494,-0.0950898951033804,0.6618263326365147,0.944131671710794,0.9286653694288535
-0.7569285547425558,1.5753656095013486,-0.2010819181940315,0.2492408404351648,-0.11363577104842358,-0.34559209156871795,0.6685048960025436,0.5032220100270349,0.3851029481358577,0.2736615695958553,1.027326605692951,0.3735607433417172,0.8680015070521186,0.887644879230441,1.1013134297332496,0.639900313371608,-0.5909922777430396,-0.5115436087624449
1.1029599631314244,-0.24163189757427522,-0.6177332113233567,-0.3161259558758186,-0.6717064172182828,-0.49654819316965826,-0.49461774637701766,-0.2680925389835503,0.6647791634810665,0.5159394358038535,-1.2479416735046147,-0.8291308248110261,-0.22171680948155814,-0.13450088338974447,0.7308313684828605,0.4827801380089479,-0.1094177806965768,0.19843941883069718
-0.8255457282712821,-1.509676649482005,1.1070510968022667,0.9004636126326021,1.490418531735906,2.005925838646251,0.1886093425419371,-0.18567089297681777,0.13431718888520466,-0.6192507486434776,0.9453257662634221,0.5798786113503718,-0.1545863706379795,-0.11609528604107561,-1.6488443977557703,-1.0027808868737835,0.3171181814387097,0.8436593624912834
-1.1852162721084973,2.5626157793046005,-0.9123474546575482,-1.9273445370622944,-1.4572321764471805,-1.5802309562102939,-0.8593820871134106,-1.6653669289558843,-0.4453887699023755,-0.9080633172800797,0.34489080144938933,-0.7427730575408061,0.30074210823147257,0.18532488898861715,0.28328356779570135,-0.5970654487945811,-0.9958371120303381,-1.226264717027614
-1.2476244326978094,0.12436666619313519,1.3510087032088653,-0.9275484752852476,0.35354080790300146,1.457243836994752,-1.1592017912834958,-0.831002345142657,-1.1572759615281853,-1.6178059919744514,-0.02066245031889183,-0.549578290474469,-0.006826861881352977,-0.2418087375338984,-0.8253342009748036,-1.088045525964374,-0.3364157865084205,-0.3109933453142788
-0.8576887497884016,0.2790803362064765,-0.7664371008590404,-1.1773207135451265,-1.0974171245963065,-1.3786700487871053,-0.0790423357622234,-1.3286080005019671,-1.0481571586117355,-1.3062228203190025,0.5811093283575924,-0.5514832321499191,0.22251231695349497,0.16357542788407667,-0.028161988587668337,-0.9149073926145059,-1.439759896707104,-1.5420554152786836
-0.2777985803044182,0.44207731475295003,-0.07448067102329538,1.4924921913113272,0.35103438867842934,0.2813229788889494,1.5968208338863168,1.6177138949819478,0.5028182963577725,0.6306121296998857,1.5528454316087492,1.1296825589216917,0.9101107880236923,0.7241721362962397,1.1791879370392653,0.7160691757533063,-0.0789339542339729,0.06831972525648654
-1.099823367868622,1.4203511665540545,0.9612510639948799,-0.16395910210935372,0.6623226607738609,1.4158019685819954,-0.8297135887198805,-0.4728747544530675,0.5784031551496664,-0.5500449716107714,0.48845649756593157,0.266607278676476,0.25115025850688144,0.19645812788717731,0.05226926186092993,-0.09416003046627389,-0.29935778706118277,0.06312489826096258
-0.5324118992157992,0.6610642779226288,-0.543338745848409,0.5861393380065486,-0.8442388159238647,-0.8722110667927261,1.5339855370949773,0.8360400573707945,0.2760281593762439,-0.1634399428351725,1.577536980283292,0.600096844716728,0.8964701771866949,0.7459863042285358,0.9667902115765927,0.2388419245466478,-0.680250308286609,-0.7998654685503211
0.2570725368139211,-1.4714710260485069,-0.05751978478119095,1.2055046658440611,0.17677307666092537,0.3907279287370289,0.6383565147589753,1.2589250968657586,0.057809786673010254,0.4120511980999648,-0.33231175435959914,0.005350434990605616,-0.28751731276524006,-0.02461704477054368,-1.7310512657058914,-0.8702796151372856,0.8822501160369404,0.9081152776246155
-0.9414271207833016,-0.3203232135935546,-0.7941311936187285,-1.5728910382070327,-1.1965222016921733,-1.4451714818332848,-0.5453972489126427,-1.7754815768031051,-1.8707659226689222,-1.996857360821367,0.2581538682270475,-0.6765022532506636,0.032820103897348685,-0.12475955535209893,-0.6966580339591565,-1.4209435349473598,-1.523077250161735,-1.4400604965861428
0.803668797618831,-1.2815882624745851,-0.698878811275932,-0.7975689509117307,-1.0421099636554731,-0.9054987790099402,-0.12834248888847571,-0.795924983435723,-0.900843080907028,-0.6893789127002232,-1.3617014173751847,-1.1846932420649374,-0.37537960649398705,-0.332815150605046,-1.659354392601105,-1.726461575632235,-0.5526217010564938,-0.3301689022193896
-0.922161150045279,0.4879229760605671,1.0638831505097375,0.7482199870163817,1.6231280935932617,0.647337629375463,-0.02282459193708006,-0.1081295052352646,0.12125774640089275,0.08037719226726077,0.3448918323880274,0.4796173587073568,0.3587512093288627,0.3234414390069647,-0.2777001667418861,0.3165450703788928,0.3313123039619365,0.6131348680340944
0.39454459631378114,0.36979047757001615,-0.4763872564698026,0.4780662509119871,-0.5059792274927498,-0.4365569547629853,0.25106013013744305,0.4340888929774566,1.2418805136574502,0.9474172455148699,-0.6382020516671656,-0.49229122502753997,0.2782049618119315,0.2991453278147289,1.3681954961398688,1.0410107615469841,-0.15713386391305983,-0.17852976635901804
1.3835333908621767,-0.4589403031907116,-0.15274904920460344,0.38821233428389196,0.2926877718772759,1.2097759986686214,-0.8235546792110312,0.26628000419426034,0.7587338365756565,1.0461858759710436,-1.1349267806778542,0.6058994547990075,-0.17814126417890233,-0.17152085298157377,0.2721979803150781,1.1713268501665106,-1.5992653088171411,2.5317749422449123
-0.3789015967845315,-0.08173929146263115,-0.8857394940195551,0.7570975774261093,-1.0393718076332985,-1.17017826690318,2.018795153459581,0.3850216544628613,-0.9395316426561773,-1.1867602739738705,1.8321775131704847,0.29879884878957774,0.4935967648228249,0.6041464904901819,0.45282306040270115,-0.488840316785188,-1.2874422725663923,-1.2915496661975068
-1.2015907178421448,2.2049607981085866,2.0451805053264915,-0.4907595905357697,1.1332343227482722,1.740237158264877,-1.0833093937793496,-0.10711461666422319,0.01834679663764112,0.08938691463011636,0.39335538753284766,0.1949280180406842,0.44384885487492576,0.33748409138537794,-0.20053419572800926,0.4132231683596277,1.005478402076489,0.21926848960278886
-1.1658309039934478,-0.5825083381463275,0.7220083037265826,-1.2254603519391938,0.3775344635110559,0.7174280279118095,-1.2561412916274453,-1.4735179697547571,-0.32413630419462036,-1.3167687543492634,0.08447063967552561,-0.25223966151518873,-0.02349724182074083,-0.35060653711434603,-0.9841149562634938,-1.1181411079612638,-0.7808583664692548,-0.7142583203455721
0.03013917607117897,-1.076621979571876,-0.6413258682338318,0.7287927562144144,-0.2934842870217511,-0.5305359439456824,1.2735340325834097,0.37215700388612055,-1.1667610785957068,-1.0166350651271936,0.39493332653079743,0.3066555848694538,-0.09922270768170831,-0.006760526512535896,-1.0657901088755943,-1.0407702235063054,-0.8284231018577954,-0.8465835505226148
-0.7503512189855257,1.0668625205508486,0.041264704253640545,0.47522047723531535,1.2012548724309278,-0.11233273449173962,0.4363529581014424,0.46713519311146534,0.2735672410350212,-0.49631323173161596,1.06383185870016,0.8128254615163352,0.6882299476718052,0.5931733726890948,0.7436289440156462,0.47114232978164755,0.03430689620473172,-0.14839103778117088
1.5851198861787563,-0.8546277619312302,-0.5024148294389703,-0.29912290551008686,-0.29238196766862873,0.1595502604430634,-0.8319284901445788,-0.3216515912890369,-0.5261645624779256,-0.26970013802176185,-1.330446464501338,-0.48711267567782773,-0.4432806585385848,-0.44055509655800845,-0.8383653187792708,-0.185287938799776,1.0961911365206198,1.0289566195769946
-1.2862681860121947,3.341736919206294,0.18716794056885003,-1.3507579988986875,0.004574404052695672,-0.4921956365077866,-1.112528268409764,-1.4646131743774489,-0.5120367885697057,-0.6071077032766417,0.334833823730093,-0.3436669629672944,0.26059962508002643,0.3308252212325704,0.43484965768156947,-0.1792013938602923,-0.7293529241465032,-0.1702972267447512
-1.1457480905105244,0.9137325910364056,2.5810444515510365,-0.23760349961068422,1.6863841569681666,1.3101749032701369,-0.9998647999522099,0.7477081623443695,-0.12056607274032087,0.7233491773461226,0.1327982311885014,0.6888727577419625,0.1710817007537074,-0.17564410393352803,-0.1331214838434133,0.3426558151249799,0.873710498706813,0.8395214555252396
-0.2973829690002753,1.209173103539344,-0.3204999148528026,1.1079823168920557,-0.4037330569484906,-0.5321876932494666,1.6588752129383835,1.7003771792279623,1.2695082120441121,1.0869535371069505,1.4372674550515072,1.3985157305622375,1.1129796225445785,1.1843452852536276,1.8732322212543338,1.2948651614762683,-0.16152747729694605,-0.23061037287435754
-1.2757654618659682,1.6502451800667284,2.887570936143416,-0.834964232587306,1.8857122420098342,2.129434667614823,-1.4958790201247811,-0.4673109871867354,-0.49252966771181883,-0.39052186474365247,-0.03282554991350721,0.4240841177705918,0.05578016407883955,-0.12336023497379618,-0.007438917772304345,0.4955429553023602,0.02840028812249646,0.27105565421441913
-1.0297098782147496,-0.12758747887516572,1.7002194788615308,0.5364961799052433,2.8580303452650355,1.1212673335123822,-0.8744911257798362,0.4154051834213796,-0.09855322168602468,-0.49211485015212864,0.33194377909114037,0.4189956871560981,0.09787108492912035,0.21638525469630948,-0.569836880018121,-0.4666588842076586,-0.04492134966413367,0.47124830952848107
1.691701133784076,-0.17230094093788242,-0.5918177387161345,-0.640697847420289,-0.44793879225330857,-0.07521516828083512,-0.9504637449039028,-0.0039305918238280784,1.467583528864629,1.3407531034020839,-1.0877328303742988,-0.4091571335412873,-0.5242989754862013,-0.45489867189739325,0.9550803557425129,1.2719205140954826,0.6551195331711642,0.5162027829532849
-1.0496912850225975,-0.9413321862729631,-0.1733772604200728,-1.392469979198424,-0.5527682615996073,-0.46528178296648975,-0.8233974414458705,-1.518325209601213,-1.3039879717330682,-1.2582576160837704,0.22503949507338267,-0.7747516644769548,-0.05224160772371133,-0.2824580670933853,-1.1791537060125272,-1.5228256772487585,-1.2025264343415238,-1.3577546970849694
-0.050073117151011474,0.8685236452434519,-0.4236947690949222,1.2469212315344047,0.23584574845588688,-0.2062803839006301,1.1038871696219426,1.4414436983374357,1.4634525581599853,1.1694867093288783,0.6019218591768248,1.0809873346384018,0.7307181220502712,0.9468596103844091,1.6547273243722271,0.9852883203504418,-0.2517545428823073,-0.23080631096901388
-0.6340770440364898,0.04850252175840998,0.5160213655594105,0.9487377017111086,1.3360373427486592,0.6744350707378711,0.9842878217379472,0.913208290019033,0.1206435519428111,0.399193602536057,1.17336712814059,1.8882344910361317,0.3960666011004467,0.5470475468508312,0.08998863096201803,0.877094132411509,0.3144754889481971,0.9245044507433836
-0.2985137133132007,-0.4666336683145708,-0.9064506614490511,0.7439828139904525,-0.7942522079400691,-1.41183162357495,2.322244733411055,0.3276634318381108,-1.401951195665694,-1.5131670297921356,2.04991396956055,0.14287135255940167,0.2862264223146803,0.3521831151608,0.00397180635694938,-0.8232135761963724,-1.3887730706092032,-1.471153865743058
-1.1248789760568862,2.4974503451993586,1.7894198178913896,0.4864715174410031,0.8812092025741272,1.1219441879053225,-0.6568912238007523,0.6297777962371057,0.5836396014390198,0.2378875783924305,0.37086674648976675,0.30725737936146247,0.3266535097726294,0.4467977243712344,0.47755533405436273,0.47008002611062544,0.014030800228777519,0.4878046162968853
-1.298130271753059,0.35693539890037285,0.27720737110382,-1.8396146964802904,-0.04876304128201501,-0.3643383151667898,-1.5600762136509951,-2.76911585879166,-1.4884184251867125,-1.6442084090516011,-0.2887257886783061,-0.603163312833378,-0.016508412514683574,-0.4326441356802487,-0.9155877305010278,-1.5318887867200746,-1.1786781184419184,-1.2477848658766062
0.11000330803910464,0.5199073122197583,-0.1960391673759717,1.533517919078527,0.5311323176525781,0.517852746259153,0.9345841445705959,1.7029903231552594,1.0744387765349686,1.2935912595493637,-0.15864404476112337,1.3952071109031057,0.5804794562878078,0.5451049649541022,1.3088819511945644,1.1887347832435333,0.6473153034111494,0.337784210049794
-0.8829699279428775,-1.2892271107295277,0.06154704331442392,-0.1619525109223218,0.47580476524347504,-0.07031767088336627,-0.09783117495781703,-0.1869092817770165,-0.8057706438197462,-0.5781979985995326,0.5747728416384947,-0.059523747359067083,-0.09554800142444111,-0.24315924865982638,-1.29336383441406,-1.3474259082392441,-0.22608230194121862,-0.4276910495544184
-1.1573288126519414,1.694061796554908,-0.08407861115215848,-1.605809105088662,-0.2655494707693325,-0.4438116236526598,-0.7762937219481587,-1.349079525529424,-0.7773121979088468,-0.792071750420188,0.2055589719597386,-0.39090110005942613,0.21649133682814112,0.14004765251019913,-0.004070421902598236,-0.71027860463598,-0.8913502679877645,-1.0057245044047463
1.5051487831438892,0.13621230158843153,-0.36418169617491924,0.40010972701496333,-0.14172785516791797,0.48930451243127765,-0.9376956965521807,0.648655084959307,2.2994502699404955,2.1795271378725998,-0.8708070272935705,-0.2481559532812934,-0.3663563320249844,-0.2243442718309704,1.7261169278472939,2.122678653343511,1.4899080599376076,1.6980628052404394
-1.0639553914744566,2.0489354921768177,0.6401049142241095,-0.05068747082785403,-0.006578484506099977,0.24967529732478502,-0.48242093475573344,0.1039470287792493,-0.0022871475020220357,-0.31720616858335066,0.5472613602941101,0.7504486394438551,0.43039384686593124,0.35639414854509055,0.4927210370761942,0.4342813456381425,-0.2800656944017399,-0.37333536196200484
1.8238942790496424,-0.5470770437073075,-0.2636048524690696,0.15641618543349575,0.42376780647776263,1.2998704491815198,-1.069519649582448,-2.1051080931993917,0.6527209704962106,1.1936594674951608,-1.0822404226221818,0.43532214532895835,-0.31877224962312883,-0.22287349001876935,-1.6211249232267155,1.9579175835623708,2.3777372062768904,2.4448799389325417
-0.9693010061179971,0.7167217321649827,0.2727864756355979,-0.5756552209701347,-0.2265476337056436,0.2408387724343657,-0.6249990658822556,-1.1174061863718612,-0.6501802073171815,-0.5970755464107782,0.610004807905951,-0.017138938938223984,0.3196562525386886,0.11168488005783286,0.04210713867522082,-0.11809715663346393,-0.7071623593713079,-0.5059416337335245
-1.2581413610147514,-0.7036345744883165,3.2348646274006643,-0.456163371022496,2.0989529306290513,1.5374543324142562,-0.8327343718481894,-0.6973264680621227,-0.022579451492582912,0.9439766929496853,0.1523047954906301,0.24744316904876687,0.10991360615833859,0.05922745523070711,-0.8440343045662767,-0.6131200932180597,1.155294906889909,1.009963637251832
-0.18237328338837877,-1.426200836897961,-0.4025247742167191,0.895096228286111,-0.34695675636775475,-0.12261117997316795,1.8013885023176281,1.0244043581778148,-0.5571945834826916,0.1227907740328745,0.8653278290876049,0.41147180980384557,-0.21281320446511118,-0.09333412423898238,-1.675478700072817,-1.149698988967811,-0.5347082303156172,-0.4007366715374156
-0.5542105166352946,-0.2750379853067558,0.49436916118775903,1.1216086009101853,1.3576007310190963,0.7514780313500055,1.1044961108503086,1.0068455095371642,-0.00025965658606995687,0.18430660658068507,1.19596318746287,0.600357026030684,0.31673507692004915,0.5645328782060477,-0.4324955344701666,0.12382748053460987,0.8723358760178522,0.9194232473010747
-1.265490771738405,2.3008544871805694,-0.8761486713739902,-2.111447834925268,-1.3584316092588296,-1.3485181158164103,-1.1525893433574614,-2.1478551452817367,-0.9410495528696495,-1.4745972999537176,0.016159806345799117,-0.7528649285843263,0.12521615846004197,-0.05750234880099256,-0.14812381478539083,-0.9055133468811161,-1.3535355563696212,-1.473193813327395
0.6172713516634059,-0.9746603955615926,-0.9265343851922134,-0.8050737298840951,-1.3727066945444144,-1.3886533355528279,0.11969557630336522,-1.0254290866148774,-1.4809796814234275,-1.582159844775258,-1.2238781034396602,-1.349440080106385,-0.2755616494197964,-0.17010199056487915,-1.0498834087103301,-1.5231327937170047,-1.3018390445436536,-1.367689027554369
-1.1182778855866,-0.8459503712398682,1.547094520090943,-0.6670660830366193,0.30175859057112886,1.3556800359698624,-0.7013653259207828,-0.7781656392927181,-0.0948875425337507,-1.2991254292262977,0.01375216275784603,-0.15725879470584128,-0.01767962861828834,-0.1474536047032993,-1.2681846802280412,-0.7386034422200692,0.48603026182971204,0.11004555850034044
-0.40682898012891255,-1.1646235245198657,0.18127826484365117,1.1768722177039674,0.8119026092820512,0.3576450238292672,1.52094801439534,1.1018442690240848,0.14919593940262857,-0.2855857017534872,1.2718405858619966,0.6683410366372013,0.005155774277186871,0.055647991849093574,-1.0374578728751205,-0.15671165017654923,0.6957572047470146,0.23620251477190146
-1.232529909379189,3.1194367834063663,0.9819639829925312,-0.8315070657254489,0.31466363824247445,-0.4316012142947717,-1.0426544383462977,-0.3959005518173153,-0.3575352097352744,0.02624846389922887,0.30978683458871387,0.053644880600928396,0.2865522834235229,0.30104921304473115,0.46903651204849556,0.4870863681040307,0.5839534703288044,0.23345898277585325
-1.189668484269029,0.9686344412797535,-0.31181306819143845,-1.9308455346769806,-0.6486724799604431,-0.5786952395083186,-1.0224783797681498,-1.8088419591704505,-1.4583838803030305,-1.6648574655833637,0.04328801164183575,-0.8221962510987426,0.05935135181726673,-0.16482991928304647,-0.4623445647068114,-1.1056465377080502,-0.823689208178697,-2.2366174047394667
-1.3038956086556408,2.6885734654521762,3.921748126621005,-0.19951423157490916,1.870765443451958,1.3224644016751328,-0.5773423972341225,1.5412233592846605,1.126260558387967,0.9883092722411233,0.4298671314194109,1.0871293332742773,0.31814841431156693,0.3668626892140303,0.287068904918209,0.9998311791334688,0.5636213964927722,1.3692023889843596
0.5239925251476366,-0.5902701822538797,-0.38279331029147606,0.15401759592109648,-0.4839480348838226,-0.004135025368521125,0.3822049051621034,0.09201073890618265,-0.39030909341505443,-0.25218807952960826,-0.9101338826935627,-0.6376288536130801,-0.05827901945888188,0.08645630888896744,-0.2649817308308097,0.007034405196329411,0.5211838840005416,0.4613231793834791
-0.9987587095113578,-1.200844158207865,0.8682494884357751,-0.2201742011500786,0.7055268197954093,1.1800579026362175,-0.6691333385516404,-0.7130967973731933,-0.8147822709020371,-0.7062551254425342,0.225572982224499,-0.07243515147744742,0.010806339359516309,-0.12876041821911632,-1.1215673606598509,-0.8696853602612186,-0.409270501314589,0.0005757850984016995
-0.9631011008154932,1.268216992350103,-0.4323816435589557,-1.1279418146701343,-0.7852329284653781,-0.971441685983956,-0.39652332554221587,-0.9835831245211438,-0.3671055908217229,-0.9253223426597579,0.4741380615460116,-0.49950517413387807,0.46500032473755476,0.36415878978518673,0.3287493926827336,-0.3736807667575242,-1.3348539139246622,-1.24138456920747
-1.1230927750774853,0.623032216500059,0.623522790694276,-1.2447623232717142,-0.016116648001985753,0.996550927166958,-1.0313495973263869,-1.3441678585162407,-1.2073901233790267,-1.025297825663474,0.15654843038558755,-0.434707665703703,0.10396201176898738,-0.07245783120627367,-0.5167680427702607,-0.7587617718734069,-0.24112573802466541,-0.4998578290512275
-0.4472621283337248,-1.5147468113067395,-0.7569334882358794,0.5626101372633447,-1.133085783928358,-1.1670458318678536,2.0167184017340785,0.503774089807425,-1.0160662342351965,-1.0305091528900505,1.7658266454566844,-0.19440159399401086,-0.2563242657696842,-0.21761135772345644,-1.5686620092636951,-1.939691218270834,-1.3228110585156014,-1.5133172606057472
-1.2966523081400974,3.3797018283398064,1.90955602004988,-1.0991356366369407,0.6823448428862293,0.6008097143853909,-1.3023118186632394,0.5338434760955715,-0.06463631711853962,0.17697196314593935,0.17792516607370035,0.2695667337211403,0.38809630988215654,0.27448436178968644,0.17630641732979915,0.26121214311325425,0.5448296011076266,0.7528439437970418
-0.0321209479896991,0.1289141886597698,-0.534838566307606,1.0491341640991465,-0.10692365424477093,-0.37893846710990814,1.674044221971463,0.6291918006559543,0.07394073816616094,0.28786048073467113,0.6974436939942652,0.6014272009163272,0.5382999381710003,0.6361229248237836,0.739260646940271,0.4477910545623266,-0.45496104952693395,-0.7829065332702015
-1.1554404065197081,-0.539490279231855,2.4816354450607974,-0.005342757392218414,1.5641287464642941,1.6701076232722467,-0.9144661437471705,0.16234503844714174,0.5155546039746588,-0.42247364717883423,0.13301472894908747,0.14216629571127617,0.09609243124243215,-0.1361695170556033,-0.9094083478015489,-0.1196387717548064,0.67916209290332,0.9971963308303828
-1.2242396579293466,1.9193135733531983,0.05064843176749869,-1.3419380717463225,-0.28008718572811636,-0.42057491363492167,-1.261687175523986,-1.450833706104115,-1.0840120609818273,-1.0118970491911021,0.05087036876329929,-0.4513564648652078,0.12354824244100902,-0.09394026479121799,-0.03002027106908114,-0.7714848148817128,-1.1092017860163126,-0.7634381742715608
1.9842308707500127,-0.41233210578222174,-0.8530310856216634,-0.9544381822813099,-1.042007078871542,-0.8642536282314813,-1.1013947803816602,-0.88207351347725,0.72925092423028,0.47110498910783,-1.2036882220393605,-0.8799198887877857,-0.7001883631122612,-0.6500137585706289,-1.6779680053782533,0.1786932106279114,-0.49895398037509053,-0.5406454411967524
-0.8988796908127785,1.6183406022434204,0.4980898464338584,-0.212998043950869,1.2730029539343244,-0.35134633087379663,-0.06596327542984731,0.17955842589042728,0.4501610930153468,0.30333233430057865,0.6418428190649778,0.735163188309678,0.5699079834382084,0.7398830944335382,0.7023015306530231,0.5427036639789423,-0.06223132362164286,0.08543053807135172
1.2402599132461145,0.20936697330376886,-0.7075995146376333,-0.6774483458006125,-0.80930144760308,-0.705636744009105,-0.7772432378708011,-0.1686507713592439,2.0715766837152283,1.5911682906555455,-1.0613096167366525,-0.6933120317160112,-0.24589234151284026,-0.23402115772737553,1.682180307435022,0.9176378426612724,-0.2511673198745362,-0.10095894412545778
-1.239645029262384,2.990531176880075,2.994979979959419,-0.4929147186581942,0.8928823269589208,0.23609646110019772,-0.6335435365006715,1.2351614896290828,1.035555901034001,0.6735918006749237,0.26616490006111754,0.7743774450947132,0.6078584840901002,0.4144084417561805,0.2781115587226729,1.7277007045434185,1.5121523910374723,1.3008173068407625
-0.1448719833146451,-0.5012795252596873,-0.5593299723004849,0.9848635639218586,-0.26358380561297073,-0.5917095710333179,1.83968841762549,0.6811854565666702,-0.7876830625525942,-0.8819177424659711,1.4260133083194586,0.6228714347280078,0.33201313023633605,0.3200068349602339,-0.10907988206961948,-0.43519521226962726,-0.45658754009382685,-0.6046403983894886
-1.0331872051775606,0.32741303102973107,-0.066240474241558,-1.1681285584992367,-0.44557855072314684,-0.42059570586625045,-0.774643584236486,-1.3242604126176976,-0.62260410831301,-1.119498384596754,0.2824677802011355,-0.4833319446193462,-0.013828918847802017,-0.05554658898431051,-0.3334817406151031,-0.8680448658784203,-0.7893547931530437,-1.1591643123162267
-0.6246186944861758,-1.321306288420824,0.6436583386127028,1.1712411461201264,1.71190859511791,0.8926080911552167,0.8506363272309463,1.4561855861387552,-0.3000393140192424,0.15779110998881749,1.37072472300087,1.5418379583368813,-0.15847850706848085,0.0011741375438097431,-1.2666626866974844,-0.4717107517820302,0.9107690383138833,0.39155211979983745
0.7823438584140576,-0.7070584110752668,-0.7335009886009467,-0.7385021356156901,-1.0051277171072586,-0.7403469993852355,-0.09055126290058672,-0.6693949434614991,-0.9064757358425575,-0.8041762227244813,-1.2658192413094285,-1.0370176084820706,-0.22199113395574274,-0.1378971493996721,-0.5574682667496778,-0.7343318640794225,-0.60299825108127,-0.7356055753786794
-1.2636982577942417,-1.0712209861228918,1.2226582580602736,-1.210958449007411,0.6327670715263027,1.5342902704696273,-1.4241168626091334,-2.1391017206302307,-1.472364526088197,-1.468006744412239,-0.08953090926781712,-0.4994328592814791,-0.06747644025456663,-0.4103313785473573,-1.3049734461853053,-1.275398238549794,-0.7787246327667147,-0.5825305694474364
-0.815551088621543,-0.8956551718419005,-0.8724778502149814,-1.201812378624319,-1.1601992917827197,-1.5055205335718616,0.12825409362678797,-1.5084453925989938,-2.0021638853030823,-2.056922582431629,0.73366944481416,-0.6108077640883385,-0.08062018372746435,-0.047254954514147456,-0.9108209882287344,-1.7597650084427623,-1.4721367397548577,-1.6160449943515094
-1.2306351902821935,0.08636412005457202,-0.6508401709832745,-2.248432753888822,-1.1052211494186406,-0.7895824810153832,-1.4467939023056584,-2.54310043476693,-1.8962314941247247,-2.03703971311738,-0.17559912206657685,-0.9362121615434409,-0.07615381934198528,-0.4152577957907465,-0.8458333516709251,-1.549515311965329,-1.6046724451937866,-1.6402087317825618
-0.3398670322750911,-0.7326638329715217,0.024472802634528976,1.2490718311782762,0.36100955344883046,0.052750812646727874,1.8727686428067492,0.7354533202782791,-0.4210444045619138,-0.22136734522698898,1.5372689270551543,0.9092076879670671,0.06964232494576444,0.30231050115914965,-0.44095117607617995,-0.07416529602736052,0.44830731962734444,0.27665287547847967
0.16203092093609614,-0.13246318936788065,-0.18562822159631187,1.5444451007962392,0.3682857771347113,0.42738642206727934,0.9423284811718056,0.6998685496681486,0.23386392849314852,0.4572779736848206,-0.08339169860284376,0.8433511611162207,0.3388121950047048,0.3227298431245189,0.4822400313224133,0.7027676673285134,0.5955311088745829,0.5605016428571129
-0.5161504443228042,-0.6179423691990081,-0.44321626726287067,0.7524020142097438,0.09090428413709783,-0.7246791907194488,1.4276191653299104,0.3178640200738479,-0.878311395719644,-1.0344986130898293,1.4607076897758366,0.3472821042202494,0.1860749374953752,0.2119598647178374,-0.5078556583966821,-0.6531993708455748,-0.5577811677678375,-0.8561359495550447
-0.9313171759550377,1.0186802366723313,-0.6589319223638419,-1.1619058005807312,-1.1840249399167695,-1.2907540499812236,-0.2748414621792877,-1.0703026267619973,-0.5573978555548539,-0.9549306928096696,0.594787031849767,-0.4800737525165979,0.3630776681215008,0.17753028945222146,0.281228268162143,-0.599956401066443,-1.3840611361094861,-1.5206934378580073
0.8721498119757514,0.006078704548011951,-0.8270175112964043,-0.6368690676260776,-1.1768352738698438,-1.1012507131114844,-0.3115499353623816,-0.358094773140408,0.8978440515897885,0.5762051368173191,-1.1288468680520265,-1.1478104145873727,-0.10287632045908435,0.029122541650988036,0.9274182081363616,0.2355610968598139,-0.7028042633963512,-0.651090162060697
-1.000653503465643,2.3149653337273257,-0.2976548925673243,-0.9523938123237068,-0.29881729466322104,-1.1353383550692484,-0.07458611506971405,-0.4316288808579209,0.12211206935077662,-0.2939036363032745,0.6118942282715846,-0.10393209558231645,0.6656814219305811,0.5403890426659256,0.6759276975135871,0.30697959508038225,-0.7017889473409484,-0.30055440248255955
0.457091261603309,-0.9810815437530621,-0.5831148429640132,-0.06819980010918346,-0.8196680425834759,-0.5467520370402146,0.43074604061413696,-0.5773997366202817,-0.8959256648542268,-0.9314074335339577,-0.8968376100088572,-0.9620332171497282,-0.2289207148480816,-0.13975287907113731,-1.0283183475102449,-0.9931341829590987,-0.5264941700461397,-0.42920289696499364
-0.6861038584557247,0.6700420890681875,-0.8941035864456178,-0.642889747011051,-1.1639539421369058,-1.4021695625074015,0.6670157875167866,-0.34586066135601007,-0.4096946774697291,-0.7473840829474668,1.1542600730461097,-0.11738877761505917,0.6904683814418314,0.4561436654070049,0.6724874712107247,-0.3728212364393874,-1.4194268947015896,-1.5856903412914498
-1.1017117116197803,-0.30876885376100954,-0.20464596320223377,-1.471984302871576,-0.763112777392515,-0.5580795360054656,-1.0829930356228767,-1.8125619675408466,-1.4008899318729011,-1.7169557537594669,0.11345219339103757,-0.5646271493577489,-0.009008989129298066,-0.3459712209912789,-0.7999601165372173,-1.3157355457808273,-1.2388697487617248,-1.2224370577918888
-0.4168854144712759,0.17598923081832735,0.04566971049645294,1.281168031329584,0.431080997632626,0.1374569597903387,1.7170510844920983,1.2705954938747661,0.1679526725665272,0.27340464393820435,1.6396731439651036,0.9711750773794129,0.6078205104620785,0.6187859226262625,0.4305064069533717,0.5425235367692058,0.42703221987597056,0.028589285270998938
-1.2681632455988774,1.8523008320115633,1.1107824165693096,-0.8937534181027662,0.6571030078496929,0.0787015692830435,-1.2959095476844842,-0.5656185254239058,-0.34688691485868295,-1.1172104621416326,0.11604410249319955,-0.3253780278878016,0.04987648247058452,-0.004143007558005143,-0.12437424757059466,0.0639573555217127,-0.22581044356853802,-0.17172751643776732
-0.9396409073276858,1.552530825353239,1.3046688268522557,0.8932357660211487,1.355812014640547,0.1763962756259456,0.11407557499385099,1.474861113240475,-0.09637647262771507,0.9422280196707866,0.5960965928527293,1.0391957885432008,0.7360885939703473,0.6217467333578445,0.5012614438591495,0.8804043969389663,1.92130304689548,0.6588242472566351
0.9492680288439288,-0.39948838479360294,-0.964794903208022,-0.9757835919586377,-1.4674872353886863,-1.4108581582511903,-0.2484550521991919,-0.9697220165790303,-0.2323979072034076,-0.6051602845927878,-1.3167052739203948,-1.3674268037814716,-0.1984188716521122,-0.11891578260786456,0.19341255837721164,-0.5817005501108445,-1.256585777851042,-1.2881357103684419
-1.0939344696522753,0.22061174820846302,0.7688138330871718,-0.7369950155407917,0.6083428355081562,1.1467127491161568,-0.9931318630354684,-1.5257724983267946,-0.7260787691422258,-0.7819699074497088,0.2645874875668174,-0.18568726564111276,0.11243268760126475,-0.08399582782650368,-0.6361841844095973,-0.8814630387357343,-0.5100921140630336,-0.4989225878978979
-1.2033833191198127,-1.0144768416885694,0.41237635135068584,-1.4764676085884725,-0.10385568059072403,0.8414403993588704,-1.2787992215245658,-1.788252919702903,-1.3276456989813643,-1.4450046108603747,-0.08918088191440987,-0.46266371235169806,-0.12361420590042269,-0.33595497428282944,-1.306746418399189,-1.577629821629748,-0.8681576792602976,-0.9082975177246895
-1.1673152679046763,1.1568376290255824,1.8883608637561116,-0.9705166844667356,1.6118581237450371,1.0988831928604912,-0.8481581929146239,-0.8460281278450849,-0.9251811263556695,-0.7835046917652799,0.3283752704061123,0.6282394953139723,0.2357208760003377,-0.122931173904731,-0.32874633218217053,0.14555740006424212,0.02915405538553497,0.46043579687322456
-0.7943617097302581,-0.02208563715188063,0.16164290084426747,0.23569777174178866,0.8412640860973805,0.21402988225664044,0.10682236379319714,0.40917628417246316,-0.28851564236847055,0.0200204318940104,0.8902110667973568,0.5183790711870278,0.28544780116629526,0.25319942430031,-0.23298025348589696,-0.032360051758132335,-0.2668917968148311,-0.14942146361268577
0.10059844402226129,-0.8515005419544439,-0.3241778951991132,1.2982599692798877,0.7864174723493438,0.34076492749188575,1.2526114252441538,0.7608324374191983,-0.5694744865067766,-0.4903928817188948,0.06258638732856707,0.46007559725693675,0.025720983587109513,0.17178928511155497,-0.5972962804390639,-0.5396850938444446,-0.03959048709730208,0.07519035946139455
-1.288162992442695,-0.17507520139463031,2.285974870003114,-0.6871608956382621,0.46304900562654616,1.6623992482273704,-1.615010055875686,-1.3982334506105236,-0.19228556439791275,-0.9004020869121125,-0.07723047964005332,0.11185878078846968,0.04096876263977976,-0.45947509556292804,-0.9019209305116596,-0.9126456228648155,-0.27388628396063747,0.11129994194693825
1.4363746525930432,-1.1222586105931247,-0.22898245272270176,0.8192900920011269,0.2527485011126837,0.7674060049363909,-0.7241480157639775,-0.1464878298437205,-0.14036181802249956,0.41266228332764215,-1.320393822405894,-0.018187973950179525,-0.3806117576084441,-0.2820924364473419,-1.6961537808870282,-0.23521996105151446,1.6685903932831836,-1.473688326396773
-0.7189706751066828,1.310127985784494,0.7330279263909109,1.6622022757699877,-0.04385186653658093,0.6657538119382376,0.8963836190716122,1.5146541435313765,0.8211052018359326,0.577516120476755,0.9006396988662576,1.367131963784416,0.7081155889917654,0.7862842061351802,1.0963443198694338,1.5402616890614003,1.0951515215141645,1.0801135894765896
1.8519314031806833,-0.14021174694685534,-0.9461697352902627,-1.1307537300326482,-1.3424734795671813,-1.2341027751238056,-1.0476917482501558,-0.5459260120927609,1.4918964325290291,1.0791933051850424,-1.0988485468361346,-1.3661327988080276,-0.6789698377527555,-0.5816913002378638,1.2412424315519615,0.39590648271771467,-0.9530043889523679,-0.734666876678856
-1.2417337472636718,0.7499046561519924,3.1288346098750086,-0.7386825952123982,1.9395651604204098,2.5661326123424533,-1.2058875826859667,0.45313685130660075,-0.3697051582329298,-0.009564167192314978,-0.01643484879750766,0.5674378308881082,0.00016657639769375872,-0.07545947423969689,-0.9800315121062817,0.6903220789355579,0.38587780871459937,0.5082705472621307
-0.22516172887921587,-0.2190609249412679,-0.30354456829252335,1.2778573461264435,0.22822302840238398,-0.42460576203693146,1.7930683930871292,0.8700717277296433,-0.4474700732686765,-0.22824341597725023,1.344840331196919,0.7669682168284107,0.5435298851520717,0.4817726009850593,0.28652242457754773,0.1962725210726253,-0.310926182288925,-0.06717943916736187
0.1903694704202156,-1.206233705855886,-0.9848004041415778,-0.5362262335675736,-1.3840736085796161,-1.4633751542137827,0.8291995707744361,-0.4685917845477328,-1.3369870160653996,-1.4407147749793052,-0.6311622195658518,-1.1779134277823233,-0.23038084460512653,-0.13464902397788286,-1.3874437321956539,-1.7989756233227638,-1.4241993798945198,-1.5428761779591789
-0.4919016979074846,0.9321075663260322,0.3883551440981897,1.3499952477143637,0.2814022855043874,0.32507005902792724,1.1988324639693788,1.7203189907200922,0.9779606011765869,0.8839046699698209,1.7474925944034938,0.9989147693703752,0.8291591432917217,0.9912355541865903,1.0158503192562003,1.4357832272334579,0.49927812639075736,0.6942537908407325
0.9405181068496945,-0.5159496543725033,-0.3068937056189923,-0.0416304624988358,-0.17532297263455943,0.31261764362205385,-0.20038210147605373,0.27845435553915543,0.10971000423185719,0.3245886691659813,-1.2104597567945992,-0.42386086146207097,-0.04692237688802826,-0.11502477961537519,-0.08066757162844834,0.5975349203893937,1.20548731307959,0.546989723532196
-0.9385823285610578,1.6799054948062937,1.1459100603205026,0.6280050673411501,1.2054068728628982,0.44456076267391287,0.23574559664519923,0.8498750686335445,0.6887454453721575,0.9651630289793296,0.7807457428857009,0.5387380507978107,0.5521227386315889,0.5395946439258922,0.6492517974534837,1.40731804414545,1.4016127384878354,0.4544990862617663
-1.0788964417539808,-1.4566915303003103,-0.24262193480079736,-1.413099777080386,-0.5310731129440418,-0.7557413553427221,-1.0340287443463763,-1.2614468976102053,-1.1084278076467458,-1.4431951898401598,0.1234254154441368,-0.6584999581615723,-0.19927320222883457,-0.2968382457270596,-1.466984375581124,-1.7954827201976074,-1.30238993455203,-1.3493415829390094
-0.6572009941743592,0.19534352704982552,-0.9307107214320716,-0.2611393493266374,-1.3791154937065215,-1.461114657422092,0.7276335623838548,-0.6133734425587732,-0.9606914453313876,-1.4243743212235587,1.009093845103856,-0.27537997020590266,0.3843310998620708,0.5743488432433512,0.28481866872376116,-0.5733504755556784,-1.4907030827178323,-1.5194421662406226
-0.4146478895352816,0.3874213925726432,0.4662384831146706,1.2504233264460627,0.5955492732643932,0.14706781302084854,1.514116954224717,1.5303809553551153,0.742507565224961,0.725479389987448,1.1348127093371019,1.7366412010406307,0.6127724317688539,0.6224013630939382,0.7490634274575327,1.2507197256570546,1.3502306069556098,0.682138417538705
-0.7733728891132733,0.5503776401250986,-0.38510675648872517,0.06156717494746451,-0.8669023670003783,-0.9086481102460576,0.27161471209443744,0.015561363875685344,-0.43949323587138883,-0.7393573274816011,0.7613398437297055,0.004717023206475685,0.4628484198321401,0.43045561902141066,0.3491906292055414,-0.16651210317979828,-1.0142055666449383,-0.9436024640966556
-1.1095418745720298,0.7256652303854125,0.791763852152632,-0.8520260961843735,0.08013555630567146,1.2213784097084543,-0.8365237861825789,-1.1040108866255844,-0.7485905650468738,-0.2315911497215703,0.17995774730017458,-0.10625656125870059,0.06107808754532244,-0.13058895101562143,-0.46288132051648895,-0.4188556396718517,-0.5193701546719881,-0.6019409231051557
0.6086255998258573,0.10510527775063658,-0.2917262583520022,0.4314854193593722,-0.26522209666967284,0.11155527825554097,0.07525647740209496,0.5618934204223182,0.9404684587520419,1.057830235556052,-0.9213882412883158,-0.31159629895899593,0.1576448241158855,0.18324084766473553,1.087598358077265,1.191373900839924,0.45309444186377806,0.6397066058953911
-0.8414556065461714,1.887504037779634,-0.8046905987008928,-0.7301058480050908,-0.935214528534976,-1.4581778897940934,0.439625769326167,-0.1503053555426961,0.2930873159724617,0.08359445154256695,0.8841028326004672,-0.11954534370682948,0.8788321484337854,0.728819075416686,1.1071766106931866,0.13731135099762393,-1.2139123617455352,-1.0938784669292207
-1.2660731552139455,0.5371893114284357,3.0533712360318943,0.15027892736980047,1.8788115399616123,1.4935123810854707,-1.1386073130294123,-1.145681764178218,0.1546894047406893,-0.147617833700514,-0.005808402635242773,0.7199422785906165,0.06651172601170947,0.05352465546766777,-0.6029391501506586,-0.3056085069992539,0.29689181560171185,0.693640728646148
-1.0394299070163806,2.2944773353164125,1.8514191514493072,-0.36239909983084495,1.0160438683060151,1.5855345156143132,-0.1947441688696566,1.158756587501854,0.9070356097779785,0.5681316750289399,0.704131862276544,1.098316581391743,0.3667101352691678,0.5256275299481258,0.3087401749679193,1.449202234402568,1.539893078685254,1.1730736484459166
-0.9772244350150704,-0.8317934428605765,0.44852401942704223,-0.31318624266413975,0.47010012872918816,0.2873048310724491,-0.46535537700727636,-0.660503075532472,-1.041804532690313,-0.382227623969591,0.2420217503466984,-0.03069722086588084,0.04486097319310646,-0.13751843783949486,-0.9694099685219089,-0.9149268114498699,-0.040414838519440305,-0.508308513893829
0.4111784256751957,-0.14681373683532367,0.05930607867560559,1.3959926830205907,0.595661037088115,1.3223882357634515,0.3127749800508016,1.0061837334850752,0.6550875348626721,1.1416306913510248,-0.4217953997272404,0.5849699470972799,0.13415953817458007,0.27180733296159987,0.4554924300707501,1.4577212647313502,1.1737387895084088,1.5229652148811919
-1.1910407868176187,1.8280164846583116,3.4514420401327572,1.1631904003028708,1.985245740647526,2.8231936200447993,-0.48564990510948297,0.7215330530588343,0.7510311018745915,0.21355625756684085,0.25627613928761256,1.982948657127209,0.440916827188245,0.24222289073262995,-0.278723322988633,0.6474562680967578,1.0759551137822214,0.8402071743788574
-0.7403968307242539,1.101271432771148,-0.15370660093222413,0.6422571782970319,-0.19919723666172784,-0.5061643292061749,0.49643160697291255,0.6147541010636318,0.14094394600126078,-0.012519033605072265,0.9575413571624329,0.39638412678105794,0.6644487757844522,0.7330534271348665,0.8844530845164688,0.10493926761139262,-0.22540163586824905,-0.5740406913682398
1.9215983784588229,0.07185832483685227,-0.40567808344314765,-0.15948214649465292,-1.026116854069829,0.6225850901702193,-1.2033457931069713,0.46403389300951203,2.7688544695726,2.7351168262440537,-0.8904681827260278,-5.308042914770284,-0.5631529634832321,-0.3954093669324203,1.653681596413188,2.2924660537127477,1.3313278867745477,2.3337966036818343
-1.2180105239742796,-0.057325735801071365,1.9814429141410224,-0.6990922740338439,0.8886206256346404,1.5905821309733366,-1.1467617096181109,0.10865272616247916,-0.9037250500842354,-0.922918224738759,0.14716424738195857,-0.18374477581339704,0.01335519308021042,-0.07601216899888218,-0.5980059541061985,-0.4822144099245771,-0.04700018234074844,0.4557690747775733
-1.1494188767813314,2.750727591569259,0.5562486513403774,-0.9448584544368831,-0.22550407529590477,0.36792540135175317,-0.4307872878845139,0.049147805425174086,0.17081607486819916,0.18500813313363307,0.4169398630484072,0.3594470358968352,0.4960409026729736,0.34619422643360465,0.26120292842259696,0.3723526429173896,-0.39462811201765396,0.05348241020047046
0.11466622787479445,-0.7209275495249491,-0.9493382386753725,0.5849641143150827,-1.4114766751053611,-1.403056289092432,1.0377676587017846,0.03907419821702964,-1.2698899747643282,-1.487155214629263,-0.3111452306405349,-0.7759929048824324,-0.020033331557057207,0.07278002406507093,-0.4618684209939177,-1.195049370257262,-1.5155970454272825,-1.5231762783109475
-1.3024825837414697,-1.2150004599564797,0.10886975792623158,-1.9976731938214498,0.005289168984685769,-0.04477830284177383,-1.655089535430825,-2.485197376208277,-1.8135715397632193,-1.774103210079139,-0.3184760061060031,-0.8509596369295878,-0.14115633765471677,-0.4727688849506984,-1.343533214971377,-1.8369830304631765,-1.2797200744628028,-1.1558861251556571
-0.30705477099303524,0.9176124678897943,-0.2676247152870454,1.1549159454790072,-0.2832759044449347,-0.3247213150252983,1.7492225795123308,1.4387825648519788,0.9325690046568339,0.9281528456895136,1.4068614671117619,1.1244107769394096,1.0833902990898217,1.2139547881967838,1.5587773681937085,1.2719742837953973,-0.1678437214776365,-0.39859746817411323
-1.1295394755068766,1.2745935175835825,2.42984894936363,-0.4248177596383477,1.9266558222968693,1.8560308361600037,-0.7611039114694567,0.08942380412283629,-0.3658273553554357,0.15835359317758896,0.4673400367699752,0.21547580144434714,0.15898109885166872,0.1833154986151422,-0.1355765817735526,1.3402768883734593,1.658185772619797,0.9367885166823458
0.36333198228810243,0.6094216660113182,-0.4991344064092642,0.2786689524165055,-0.33105963758251467,-0.40631939366496894,0.3132554962209988,1.0555211753194924,1.6569817400271984,1.7777862380443978,-0.51301904996732,-0.062021928821239414,0.343493946888963,0.3728320333470071,1.575147301000869,1.178795994167269,0.08006529221510768,-0.04092188584957316
-0.6256553088763924,-1.523753819525414,-0.12994427823336294,0.5017630478142207,0.5920231346960128,-0.10920029129185671,1.0076044630077643,0.7030458762543051,-0.19231721612814603,-0.2270730089177743,1.4582199570290597,0.18256540206993105,-0.27317142102878744,-0.15591817465500837,-1.543956380302393,-1.4154866342291657,-0.22145338518365035,-0.32645614236459447
-0.05880386320287427,-0.3726304456668727,-0.7216826786604257,1.012690169888699,-0.28467472897707746,-0.8626830960222424,1.604967441522804,0.5619576082643439,-0.7345222932500297,-1.0815124323223368,1.701067601686961,0.30568627318284913,0.32157623786631595,0.3088316757700104,0.0376725951747864,-0.5035730845407992,-0.8719326597055445,-0.880134048263469
-1.1856813043062622,-1.090053959899823,2.6103657997817615,-0.19186846751976405,1.8543549219937265,1.410193775147033,-0.5323371760150355,-0.8235662812453429,-0.2950664936505098,-0.0811173417379178,0.036689349997939796,0.31371231599215393,0.013141106635672112,-0.16772278968353224,-1.2391689628789777,-0.8802826306556328,0.6884264909819022,0.8048661260567664
-0.9792239231270693,1.4088409694975956,0.07416206654162963,-0.8843086884221216,0.00490107433313466,-0.28417443516101054,-0.36365214419433156,-0.2878556345022191,-0.4530060431388013,-0.4453848008220003,0.6609997493330364,-0.008347628131378251,0.36114520870374295,0.3318113100848533,0.2930202449578445,-0.18002454732431128,-0.8490040617435992,-0.3553122663962703
0.48778641525696875,-0.4085774669443345,0.036288985670861196,1.094199492620435,0.1805189760347379,0.8842470495007703,0.2485810951607938,1.188097276221084,0.4776055350129963,0.48504497817133,-0.6931130384948144,0.4864878607123289,0.04183508722542636,0.1007331798906211,-0.028823114957927352,1.0850415852359125,1.5413756303960444,2.0759108615508373
1.0097165534708312,0.2030077440560905,-0.16834546385365134,0.9425688194501566,0.0014830764105405046,0.7114238330237534,-0.4936663330475972,-0.1859055666597025,1.8328231335574305,2.2900276707918823,-0.899566799493533,0.2363768502828398,-0.07435931211376605,0.10288272864056477,1.3365240391591753,1.9943529914394749,1.5535910472985455,1.9152211170608406
1.998703869587756,-0.29265888400965206,-0.42775725340467946,-0.3354476501665701,-1.3110592168784816,0.16288971347337106,-1.1955695090315202,0.020071573846336812,1.385135396286051,-0.49479242885947883,-1.039299749587043,-0.08213554192315774,-0.44532725509593196,-9.518144328482117,0.8778801456173799,1.5664502982442725,1.6397244177625725,2.608684076502104
-0.7448873698170978,-0.48261425841329453,0.6800457213023268,0.8698744310567089,1.0475536295925105,0.23323634446202238,0.34684468304011096,0.0879617629549723,0.5964498921215932,-0.1563069337564243,0.9381008563642181,0.8744433814051251,0.007601138899580062,0.18265912025529135,-0.5820211816461681,-0.7473020521263566,0.8821827962402258,0.5986726795935936
0.037952065703836614,0.3313678294134628,-0.8097333217162834,0.1886991820933644,-0.9598929212414727,-1.017545020891999,1.131775051036858,0.9042302968657101,0.43768202663747685,0.08159015190053627,0.020154371580711462,0.5261607949949101,0.4433200881849781,0.5199485214770916,1.0290594484765652,0.3521647930319967,-1.1051870517631137,-1.1302381301744677
-1.1735455808620558,0.494379220465512,-0.031217368526306185,-1.7656144718110764,-0.5264611751480688,-0.465792791132212,-1.1402800607264152,-1.5312884768938486,-0.9980499142536436,-1.4853827182207269,-0.10037652663482956,-0.24067565508597877,0.010234291171706853,-0.2260190127692219,-0.6155296912193655,-1.1500380276719893,-1.0263072882472777,-1.1977021713714273
-0.913625207613572,-0.5709987677205458,1.2453662826935974,0.14919805995489213,1.4949915261853328,1.379582672294719,-0.14143985251411814,0.25192811720582897,0.5263933795705812,0.3213854935751921,0.5937618814535073,0.7944856685683084,0.1563744713522227,-0.0207340356190065,-0.9512407210143804,-0.35402371834497676,0.5716184914507595,0.3639063470637154
0.8082059135411196,-0.20278662129481415,-0.5193819017749565,-0.19136377738884466,-0.6000713462831226,-0.35073856997238073,-0.17368189136214277,0.17568852020044207,0.4212471438743128,0.4083193398688416,-1.1500572549511858,-0.3695333132870393,0.016035375452082452,0.025252752860117994,0.4823993518764342,0.38769046620094394,0.15302410372330214,0.2135301335765837
-1.287397526750939,-0.5617266408743408,3.887162857339265,-0.4391494952480005,1.3454990273120009,2.476329654352641,-1.2282990357972075,0.6640729040488239,-0.5772341505264996,0.149638033115425,-0.07886338849581562,0.2946612372794246,-0.03582004407616171,-0.05312271240980918,-1.1161456717356377,-0.368030098387824,0.9624942003223315,0.9009015102732412
-0.16619935850038653,-0.9095558425430815,-0.01260631046313211,1.2663158876981098,0.34432220470616964,0.3717099464505127,1.249923753690072,1.0014524287406636,-0.35978636965215766,-0.5319527895706089,0.964708585720249,0.7932373786913144,0.08218124465937846,0.17732104513046051,-0.8028312883816071,-0.24877232875008118,0.3166360455945221,0.3057633853596466
-0.9466880755061811,0.8996560476236737,-0.6127428129312749,-1.1257257622796422,-0.4441345855613487,-1.3113020889439249,-0.374236201442206,-1.169080112551365,-0.8640463916534711,-0.9242365406153288,0.5037162967642388,-0.5159131036055054,0.2674882090496753,0.11707928592239968,0.1422745017340973,-0.6905703223430795,-1.462035323288027,-1.4715498047668727
-0.5244943279016427,-0.7440373021515464,-0.8357483278790029,0.25556756752279497,-1.099882734638073,-1.2888543470355514,1.4414515377955877,-0.20152874382351446,-1.5730255127639619,-1.8971746101236044,1.5870983544292967,-0.06422727114961878,0.024510792675285432,0.09978350026208747,-0.5888600181829354,-1.3190896173292386,-1.389845216380324,-1.4595756394837198
-1.2754152108457004,-0.11351030883175652,-0.6957833316013009,-2.474406304938717,-1.3516768847965388,-0.9323875506907234,-1.5573480721022777,-2.63145673938693,-1.934005977067691,-2.2750126364630314,-0.19528839434027878,-0.9854855319864659,-0.09872790179819171,-0.48800847087502036,-0.9166636593806299,-1.7485936293745579,-1.777025378634518,-1.6614108641525076
-0.6800791472825369,1.330706845643601,0.9146302833706818,1.4724191326040952,0.9776451356133571,0.7624097752466064,1.294907154591698,1.425303915084672,1.1571178563906157,1.162953821310813,1.5057794862546996,1.5748573254906217,0.7778143761403737,1.0267772230605772,0.98205498965613,1.8856791524039098,0.5378207034071548,1.0391311091539517
0.6885049527760165,-0.8241624470713076,-0.5456948135374395,-0.24446368071216223,-0.6974241580783979,-0.5321287893984737,0.003914878382187282,-0.25687440113937415,-0.7008048201070513,-0.7713045887106824,-1.2007436656034063,-0.7246061049714153,-0.08684240114619358,-0.12363430288244194,-0.6985073592576877,-0.7113351948159718,-0.15052939543995475,-0.13331974065641927
-1.2422493393225027,-0.952842383329422,1.1769183841555628,-1.0713413654153323,0.2342584529974747,0.7656248228448657,-1.443168215019676,-1.5293577232481912,-0.804738573830799,-1.288406978769614,-0.30501897464531813,-0.544969668056709,-0.0009842344608454532,-0.24918954558779327,-1.276654760107724,-1.0042747613133267,-0.41458629087358806,-0.38231101989536675
-1.1799416621683603,1.1774171253064716,-0.2772155101299412,-1.9439357084376845,-0.6662625678976437,-0.5908741202700553,-1.1542969904719145,-1.8833885635732992,-1.1792702763892664,-1.4295514681922696,0.05378227017051782,-0.5390422504192833,0.1262725951912657,-0.20964881916070235,-0.21181127895063598,-0.8947493455867334,-0.7570654485637606,-1.4479068450411452
-0.4865365355992743,-0.47619340395495513,0.0997583367045321,0.8303305944777039,0.32184100725620374,0.22051141832901341,1.3569072903170676,1.156310565802557,-0.4978916820453503,-0.2786711472317929,1.5192931904823512,0.766902568733211,0.3659606397206182,0.27900300427060765,-0.17882625664818252,-0.13581211148618655,0.7950255612160168,0.31643247969591515
0.19828823321289904,0.3429124862616156,-0.23300445634620082,1.095000380893124,0.4710069737667039,0.05504504848795801,0.8505729174298071,1.1071947830229356,0.9557194953284444,1.13820769173079,-0.18772361486086575,0.47891615547744054,0.5456044114063,0.5868488028411584,1.2257392986970321,1.3052028324463458,0.23141857483188621,0.5229576076582122
-0.9086021150476792,0.5084905565674851,0.31405071756723013,-0.14670996823537094,1.2660624625310726,0.5007561351178719,-0.3130082214475424,-0.541262552974126,-0.10586808864211776,-0.45406946866677567,0.4188780171976231,0.3264943652612944,0.27392095091381174,0.18576802646737062,0.14298595163386665,-0.35622878688677256,-0.47180798830763343,-0.45861796526731313
-0.2304206936458115,-1.2962596448487556,-0.9438691895314916,0.7215659974406416,-0.8182605373559791,-1.452340995599246,2.252440559690617,0.2352185899464751,-1.4630306901039685,-1.3758599365595137,1.793852765121231,-0.30603706477708004,-0.2187503322661325,-0.09788961276343178,-1.203493143338255,-1.7505756184586039,-1.478566078962599,-1.615881940793503
-1.0232663529820618,1.8407104262284226,-0.10450815144466839,-0.9273584931344305,-0.4328879879902809,-0.7304294545707081,-0.37711376869032653,-0.39078279018095285,-0.11838584482051534,-0.5088046199229472,0.34328015894402414,-0.12928046039773267,0.38056873964153565,0.41171814747719193,0.3714728502874189,0.10464823960771837,-0.6527723639579057,-0.8115113006772692
1.4309113024732132,0.26295031427344856,-0.989733556837914,-1.1668016506643615,-1.4101288297607508,-1.4121285400644596,-0.8951885823858357,-0.31612794188838056,2.1038747743718065,1.7931759349906373,-0.9460058849549231,-1.3172746108741518,-0.43096795250923925,-0.3660202105860186,1.915449791658259,0.7524464428842332,-1.0072211182154625,-0.9408421119333901
-1.2802299007171465,-1.2541988132492312,2.108184821965571,-0.7875590670236722,0.44312328750583846,1.8624729570730925,-1.6078017347055844,-1.8133590277091545,-0.9152228733249289,-1.1015523667517682,0.01923876331827405,0.1046017897658673,0.018103826827631016,-0.5435272387367465,-1.396476301818218,-1.4782583621741785,0.14564144908502363,-0.1092953576693144
-0.7858348998878912,-1.406965296970897,0.45763168728840836,0.7239196212784464,0.18635875049697143,0.2786597093605233,0.42313722314124597,0.29452374871631626,-0.18298065774600236,-0.3998164649246899,0.9679122133170157,0.38278583286186496,-0.08057055705664319,-0.16752095182868842,-1.5406413182747591,-0.929217934028994,0.361701759483544,0.13119698966866822
-1.1716524088157136,2.7063156710421845,2.5344964652652964,1.1396526159224585,3.0489905517025533,2.141584664987339,-0.5971543686387752,1.5736668158007794,1.1056098599993378,-0.14305793672187447,0.39510309752803935,0.9395637407552438,0.6944343986617474,0.6995920147736349,0.532879811701998,1.3023787651530832,1.0283851956160484,1.2523251398477548
-1.2080222596703774,0.22698778388672602,0.23468461355119866,-1.5633049760109117,-0.2523450479802991,-0.07516203277015172,-1.4088685086911867,-1.6121259823694065,-1.419420686652743,-1.5862935707351282,-0.15227086067260637,-0.68640842562879,-0.03689229110856102,-0.3797722982409335,-0.7121485154071536,-1.1895935796435688,-1.1497080746745478,-1.1691144034057321
0.5283252619547979,-0.7920835631131412,-0.8909347077244748,-0.6982140003145845,-1.272589121859817,-1.2951215018990057,0.2919703070786074,-0.8478134480676598,-1.3306329900813794,-1.536371865934925,-1.0749936239948539,-1.1584391444441333,-0.15254201516219001,-0.08338506507154145,-0.6756913430471067,-1.148684898623929,-0.8484065459766573,-1.2317736797368546
-1.0884551000724554,-1.0028870625361062,1.525859369657626,-0.18915623051340646,1.0146651449446498,0.7594021693737024,-1.1755434625151597,-0.9070643025220457,0.1860022873402427,-0.806125446172433,0.13859614727179148,0.440455320879063,0.13330166705014554,-0.21113158187872713,-1.1138041082583414,-0.7995623505036815,0.14592874366651581,0.47315873466222164
-0.6729877415648992,-0.013142589322250042,0.815449654955371,0.018378547473530498,1.2426542306188366,1.0351655292571416,0.2314502994826949,1.0418477157009733,0.7509480065711078,-0.2507447686136561,1.0051666117350357,0.4480389825809814,0.3840099026230389,0.3671787889055345,-0.17500518517323688,0.7629499657511962,0.843233438122699,0.5816026216215401
-1.0170643017705872,-0.1892319535340442,-0.3468405667284134,-1.3893098092319973,-0.5351035764711684,-0.6205536098555594,-0.7374161347375904,-1.4703016043238875,-1.5183111740581008,-1.5022945047475318,0.29625727266387086,-0.6395205161807223,0.02036212233998969,-0.16390809641473114,-0.6895839093636275,-1.1992322469360617,-0.8328027928183652,-1.2612235115848025
-0.4245981013836001,-1.0443011133657143,0.3399520803198673,1.2056415455809326,1.2348948907866142,0.5990891256680783,1.6212578820877457,1.013053045488185,0.06253786592392341,-0.27354331719618824,1.2136959177409856,0.6195035849297527,-0.04142574643493109,0.1214591502235063,-0.9777249668736206,-0.2071775399766085,0.5438035625774498,0.7156670609119162
-0.0024558680705711266,-0.052578915405773335,0.11745880174825182,1.61350784354209,0.8096431170782085,0.9310923591486283,1.2051671408750355,1.3959076964301946,0.1712304007838347,0.9643261911986004,0.611401893345419,1.1148855795900543,0.47552836455908454,0.46349191962785447,0.49287062478639065,1.0513116033975045,0.8037561816305159,1.6541697278407708
-0.6782865709572988,-0.8813492522279995,-0.2517296026621635,0.4967846233147294,0.42817481831092036,-0.40489363721117805,0.6384461887393407,-0.2436018639921198,-0.9638865414701483,-0.8308643946359018,1.0596359644923714,-0.20180250297851873,0.044575611863242125,0.008820937075481693,-0.8485924997252616,-0.906678626854127,-0.6794474453455469,-0.5782780474038102
-1.2403624802409228,2.102248202127228,-0.45588554739888976,-2.1141173324841285,-0.8453208283854633,-0.9028350431399457,-1.146272520127332,-1.7032051250140379,-0.8112780050108375,-1.2848216031418993,-0.028315773236518807,-0.6022846696066684,0.16219619171880095,-0.08904150622593658,0.007292057796644176,-0.6913239035053987,-1.1837800376935954,-0.8160514066206702
0.644472104654102,-1.090489864760204,-0.4180429521548261,-0.3018886080977098,-0.25237143341155654,-0.06561118576223422,0.09665195899261877,0.13189547018332404,-0.6754192572578676,-0.08993796557535205,-1.2018596839475117,-0.8670339442718092,-0.2288200654182899,-0.15470074959784763,-1.3185857525743832,-0.8861409278581228,0.3302776199040517,0.37130050782988633
-1.1785643566575776,-0.7262771494672985,0.8891372723209404,-1.3684012368065108,0.48153441188965035,0.555913896233539,-1.3313169681541097,-1.4824405990763867,-1.2540040647909398,-1.0806842359267477,-0.07392420923503955,0.15469481613994468,-0.032571677366753586,-0.39356091571524543,-1.107727853382753,-1.585005003321619,-0.7784851817719993,-0.5047558366908629
-0.9558523107653738,0.6140091361836245,1.372138481526167,0.41160327341254405,1.7505527043039297,1.7564625633105997,-0.13926359797738438,0.6153842153273865,-0.5248745290496999,0.16953340312396958,0.4878628239473612,0.343282156796925,0.3138065308075781,0.16657662361606868,-0.12435181929356284,0.4123387885749758,1.1887297674566508,0.730135633043959
-0.9366891440385007,-0.5330335452716936,-0.4869012250399357,-1.1453022599916307,-0.6472190772083936,-0.7995837406652999,-0.5499430455930925,-1.4309387448121464,-1.4290151985967485,-1.5020142411616393,0.4747815313754414,-0.394633094916922,0.042534788162289665,-0.11534923413436336,-0.785518973765678,-1.440982963053978,-1.1792653179601298,-1.1945035914742235
-0.2544179195678333,0.2962984092949749,-0.11040502806117293,1.2863102304445864,0.3488067513579665,-0.0016872614314986823,1.589851741804387,1.3248485110306072,0.3623108766320039,0.5926602706819549,1.1671559815364265,1.3448041397473973,0.7133880416265946,0.8143280605835982,0.942153670975522,0.4725168069005992,0.34262494180097014,0.18508694672942094
-1.0775126610876415,1.9052374803312664,0.9237377288106948,-0.39948160734753335,1.2804300698335147,1.0862783140688916,-0.4343479639368057,-0.10964529263587552,-0.11039326841667957,-0.498821707883966,0.6315225659570731,0.07500615127146905,0.3406190960814315,0.45551845955076287,0.6310382646797312,0.48003268016635364,0.05744750920082781,-0.002728174222557711
-1.1969292452473885,1.6324173218960296,1.4984397587489564,-0.2571070882995469,1.1062731574824043,0.5581691866307513,-1.0230609792444367,-0.14418435826927734,0.6000770281257521,-0.7775329136859012,0.19502593574777835,-0.15898209751014003,0.13079575545744035,-0.009113719120272151,-0.10847529663020737,0.06198981548803981,-0.14293602225766233,-0.2216976820769896
-1.2391806333515814,-1.4836375159327395,-0.830283254516808,-2.5205466115840225,-1.4355488588562033,-1.3974846203413065,-1.4987635687991776,-2.257221891094815,-1.7681068671767732,-1.9103259271211157,-0.21368801312472516,-1.0264187295373859,-0.17640016654544782,-0.5011498745324271,-1.5113136069364135,-2.1759813269598913,-1.7613229872400655,-1.834755234899743
-0.810893352653163,0.16068794753810806,-0.5781256400867041,-1.1211460396018362,-0.6528829488947389,-1.2034156581870408,0.08748712373117166,-1.019667530394455,-0.7097329761547326,-0.9749855437514157,0.6766764177751133,-0.2547200516041916,0.27178881296967455,0.21688608838337245,-0.14126523719707368,-0.7168717967856513,-1.2615752487740686,-1.1607355779174247
-1.1114351339518767,2.4358954689362156,-0.37413339746583474,-1.2331028703834916,-0.7681228801651564,-0.8613382800337914,-0.5726253627547264,-0.7775490160103489,-0.06717609261351858,-0.49419744570507396,0.464434360568348,-0.42363439691778915,0.42407383935397486,0.2519016036543889,0.4873069099966857,-0.13462960962132908,-0.7936357473031305,-0.3240187530837487
-1.258446803709043,0.3364367379768428,1.0433170435064447,-1.345112568214698,0.457675476137274,1.5618042998837354,-1.5144927548730418,-1.57226458736233,-1.243566596067006,-1.36194002157107,-0.06813516046525507,-0.594918268323306,-0.0026984834318809683,-0.29501943949187115,-0.7105903694340799,-0.8747534751987311,-0.7687706260413179,-0.60286494223037
0.7771762756838291,0.5366627115686341,-0.4410295734342004,-0.03821187932432356,-0.38367056024495566,-0.29562092787479916,-0.4189966075670519,0.5227706859712826,2.1676385012925756,1.9352240433738557,-0.8653477477683127,-0.555212723523914,-0.017222289648019085,0.08276352929042911,1.9879282015241067,1.6059447019644701,0.23057652017309527,0.3429732408874066
1.2053553501700265,-0.442804705223767,-0.6630677779174419,-0.5025588228404413,-0.7683127485165328,-0.5786538215715928,-0.5641063362267121,-0.39429448096644126,0.18427239910106588,0.17746885710178426,-1.3118351749642148,-1.0328379827965126,-0.28494682418594697,-0.2542229236425116,0.12124787978079422,0.020290622169658257,-0.09522134890467937,0.17493670171907671
-0.8433439877259746,-1.3097959542889044,1.2945649546025062,1.132749004194627,0.88219288474163,2.1134651161476072,-0.12372062539934472,0.4348617677665652,-0.5374335994092868,0.28238040601375936,1.011087287207612,0.46011906593654184,-0.05279415069227638,0.08497327488169364,-1.2796824251130927,-0.6772877569152128,0.7377596678044746,1.3084326909480501
-0.6158735508822655,-0.08080201352275808,0.00340266799318532,0.9904812373522511,0.5873124555941132,0.010258567490548721,0.9806794165627164,0.19569000447009655,-0.5302634189500177,0.014321672244435287,1.1814539366150316,0.71895231743363,0.28348108433190305,0.4159779556703854,-0.11982856177947543,0.2273427350499582,-0.07168886776529115,-0.16570640737853543
0.2748961229849528,-0.565638035292572,-0.604039903277819,0.5207538987713725,-0.5470991860212479,-0.5930310973069719,0.6564976592215196,-0.17595061098952877,-0.7740760838408844,-0.6642700233492974,-0.5292010925739713,0.16520113561435001,0.049984280249192145,0.10231419814274996,-0.26187668041562423,-0.5487924451458642,-0.45931593447518,-0.6419458533520542
-0.15331450384884138,1.0703257467505243,-0.8479992890552421,0.8912174839211531,-0.7746313680667719,-1.147875019132951,1.832932376241535,1.336618882285714,1.3875574517348306,0.8681107788274522,0.9718706156524606,0.6522344626449761,1.1513137120969505,1.0158003084263625,1.895513353857579,0.6121576671880679,-1.164749987086559,-1.3128473699849477
-0.47545376414875545,1.215483083532236,0.42299535145413747,1.1994169075168348,1.2725953049490635,0.3082043526866813,0.7665296627977819,1.5404116562034025,1.2140716097261095,1.1047856812414092,1.5433819648320055,1.2637812766939063,1.0182956509867962,1.3043350885222034,1.5298231348439677,1.6587530251826867,1.4574472971385846,0.33043541393943304
1.6632994702476018,-0.04492016183572521,-0.7545618510521342,-0.7258969013487454,-0.8507235195007038,-0.6528627023601181,-0.981899898547757,-0.16474549066041627,1.829122917886948,1.437631303281528,-1.0884297195502433,-0.7622856779969699,-0.5596410762582076,-0.4602137022514669,1.4457474941325612,1.2661249700041226,-0.31772547876932583,0.017199567604292688
-1.2318318152481378,1.43881803135783,3.280046070794498,0.963892260423625,1.3919490108808228,1.08060853038465,-1.0699200063049155,-0.6925521066710975,0.5171544495282189,-0.5821595832364702,0.2905634630031198,0.9284396422427588,0.0026210887009884077,0.03281459403616532,-0.4167750977180426,0.847035586230986,0.694435072336998,1.0299487775370595
1.234992639320364,-1.0314659204289678,-0.5389033582389012,-0.7076321924901179,-0.5676818347209052,-0.09974946813781572,-0.4976201695614171,-0.13208166086614917,-0.6797782843336139,-0.4563331961642892,-1.4272193290992827,-0.8561280816071436,-0.3661094874670031,-0.33592104949963053,-1.2471843766293151,-0.9589158920026305,0.602230988486485,0.34600315408136173
1.560346505567824,-0.6560391791945205,-0.7767900641722225,-0.7767165944692883,-1.0054183978091842,-0.7873786661111546,-0.7683129804470946,-1.0429809831937025,-0.276166820139362,-0.49826406202933177,-1.3904975950717642,-1.0972980420417822,-0.5143728421951521,-0.4162790186921992,-0.22636379222520883,-0.4348952983290988,-0.40479989583393533,-0.05447071683536595
-1.2197951155219526,3.139934817699221,0.3486389825865697,-1.1780559386838725,0.1268966435646954,-0.42317026145021625,-1.0603649117282286,-0.8422990372327381,-0.019361838023831714,-0.6152239200414797,0.44956277559093694,0.19006294111438954,0.34442979795341405,0.3840930455169261,0.3439237738049374,0.27506408222600864,-0.05045591672150275,-0.35823383698945044
-0.7092278085935944,0.856707432116671,0.5526241077241411,1.4592250227367294,1.3417865341531074,0.701048691681844,0.3914383010833521,0.987656188375567,0.13798023580710447,0.02648200208551278,0.9636695377746949,1.1811766031378526,0.6447206836715196,0.6563881844202243,0.754237625714807,0.5390323965148082,0.6741247457884162,0.6324101095526385
-0.45273383751756824,0.034078898383790544,-0.4608713027452264,0.9346022382902462,0.15645157720269692,-0.8595034117388868,1.6003362279804256,0.8315416373307049,-0.4597899112650355,-0.4818969293620938,1.63026810422129,0.4803418310122407,0.5331873802037511,0.5546660157934631,0.3766027333120441,-0.10919513206968515,-0.5553409906240747,-0.8245797199500341
-1.304369380441975,2.3214220676874873,2.207676909781848,-0.3797743840367941,2.3399092101916654,2.355133047898962,-0.9199106647723754,-0.5507031515434794,-0.45819709801265307,-0.34554726083119935,0.06550233035924118,0.215957697465185,0.20641467044151046,0.002238237155729551,-0.12967830105846495,0.3154906392457764,-0.19104526184317197,0.5567015096312132
-1.130916868351164,-0.7843040166889582,-0.13540935159555786,-1.7293829256463256,-0.5506388988593751,-0.1813760399674879,-1.104016016926927,-1.8208988335504461,-1.6308627327528398,-1.8419495352362671,0.04890037698947005,-0.9427043813235616,-0.037996526379160504,-0.3032035800392557,-1.122378513795561,-1.5293967326373654,-1.1034192249534853,-1.2713014584100766
0.9603177102533589,0.2526223636916794,-0.9458662969593417,-0.9028822145237135,-1.3975920330759355,-1.3282538899301242,-0.48923920018046396,-0.3003307144902842,1.6412032007292028,1.0809128175117049,-1.1041260381091698,-1.303708958538122,-0.0940505910324617,-0.04844959649656302,1.561272444645163,0.5363183926979039,-1.0423164222231605,-1.0620744059011897
-1.0788092579639428,-0.3596220138256407,0.8480635690315459,-0.536205518197,0.6656071297466557,1.8636370328205782,-1.0533995969276722,-0.6688808229587941,-0.7449593502956434,-1.2091650296117094,0.018241507423573243,0.05594767489392752,-0.1156672004011756,-0.14244360314860446,-0.9477159070795096,-0.8656207596769276,-0.2668648016996747,-0.4683042510877035
-1.2266524830424845,3.2012294904692076,3.858633106704103,0.29054092390963066,1.9413855231254404,1.544817716484394,-0.10189891334803465,1.39748876092839,0.8497830796796034,1.5774254041307967,0.3638615692798889,1.0937821219164727,0.6333407739572544,0.9368337382665246,0.6174031128520017,1.294144134554486,1.6207891748456673,1.9621864211873183
-0.9378325080428433,1.739846743224567,-0.642511895345723,-0.9547195846033733,-0.9650919797461698,-1.2239622513484385,-0.1442759859525545,-0.6474155760500467,0.006054876662870558,-0.41203041856947953,0.6347491351117078,-0.2323338992385197,0.5309100979981821,0.44650362200535654,0.6434256993581022,-0.1692185573248509,-1.4900618254030986,-1.214219097256009
-0.5850782412940783,-0.5356718219759365,-0.32203102869397643,0.31324666689442515,0.6546017085225952,-0.13252357015901362,1.574438718119857,0.2015840033031999,-1.001776398761611,-0.7054276615915079,1.350752708629653,0.4356309818128881,0.15354756251240742,0.19653375552010766,-0.4408111113126012,-0.6142808412507552,-0.6544469529171928,-0.7517066537149726
-0.7012442474595382,-1.4706949243725833,-0.9878654259921733,-0.9742633496126992,-1.5661667868431577,-1.64601285706591,0.6842855638325863,-0.8094232694912433,-1.4263453638678578,-1.6345087211401006,1.0721766650335105,-0.6313957483022077,-0.2726567776368013,-0.2386357666800903,-1.5427379576199494,-2.0672836619992685,-1.6279415540758484,-1.907846678275431
-1.257137406236208,2.606740321128448,1.2062239682728892,-0.974738680684056,0.3544795340968527,0.9943265277521153,-1.087106054755437,-0.3654772786656813,-0.36187622975970735,-0.7593646743141598,0.2870499530740483,0.3322371042944009,0.30679708927208477,0.19817798947547563,-0.16555741147040587,0.2956356658791599,-0.0915496387484056,-0.15943761696031405
-1.1102790192558598,0.16847932161632342,-0.30575371277651875,-1.7455073855202448,-0.9072338709942376,-0.5660430108666046,-1.0404052313247538,-1.8314922174319441,-1.4189821577817978,-1.6485032256214212,0.12952946162373474,-0.8006965908977995,-0.0077975831188579715,-0.24280076848212984,-0.5460151334808506,-1.142940741408724,-1.2751733860799361,-1.3837586360302523
-0.7727364524364819,0.3235120249731954,0.8857362065591977,1.3294111232843526,1.3962035992923956,0.8411449307130182,0.177790233186461,1.561455881294993,0.014386390292472415,0.1223918099511122,0.6834468607927912,0.7530829927364633,0.39138737605701057,0.2570313407265425,0.20986912032408211,0.6103212984748145,1.2678637353252273,0.46323621250197067
-1.2372582045811924,1.4596473623523885,-0.6672602258040627,-2.1259524975792736,-1.1644499510246404,-1.3144422960224333,-1.3063854753515847,-2.2396085579032654,-1.462615985759075,-1.6413898630083572,0.01977572004978767,-0.7824201020544886,0.05896709254209364,-0.26793275048508475,-0.24059388123014072,-1.0756277583821725,-1.4216397589797176,-1.7284593014994092
-1.1947512786424892,-1.3176051677592113,1.5669355473845732,-1.3760246648474361,0.416581005422711,1.3653246092636322,-0.9390959027054792,-1.1224989652450748,-0.8508026122339203,-0.9886121592238345,-0.1818436613192322,0.17599196850993276,-0.05837169665082183,-0.4096417455665162,-1.4174310965964587,-1.2020779862248065,-0.27344070151203576,-0.4711792470448773
-0.892415567349216,-0.08347789785873727,0.044371603874618186,-0.40734115045664765,0.49540459790349467,-0.08050910826861303,-0.36818072008631536,-0.4371495040985533,-0.8925719155506294,-0.9524517945527646,0.6035905671362903,-0.1349916607349149,0.15227584278436776,0.07558186237605548,-0.3853239646015359,-0.5877592287540819,-0.6504210254663356,-0.5859618651524059
-0.4767629994307963,-1.0752023673548832,0.29652860664600106,1.0523103868042032,1.0530405560735885,0.37416766089871767,1.5134811684245593,1.1934530909537429,-0.23780478617807407,-0.3547266446009402,1.6940995449881786,0.6940612879443373,0.07461790742641015,0.19580839451412313,-0.9670696953509375,-0.6641372371819478,0.2799036157022095,0.4685743150489833
-1.1193080903213886,2.415657579389893,2.6389035575856328,-0.0045558048496359875,2.2131174959229774,1.7768207949376453,-0.10713544155857356,0.8301231500978719,0.3301103997559979,0.8547306875164234,0.4032408407322624,0.6349000876299469,0.7355940501318723,0.5263922600348488,0.8430210176170346,1.7717357617104659,1.5261061749867582,0.9694161458005434
1.7435370589955936,-1.018681572697014,-0.3448229687334119,0.12460218823485934,0.03223172234260848,1.0855083520458697,-1.0155246989841138,-0.11148287847825238,-0.3715841639821212,0.4836829882440261,-1.328734141612953,-5.670366103917352,-0.4161356777666738,-0.32332576166863114,-1.2584250938650803,0.08177210203798957,1.6970649494687042,1.8823688289766007
-1.1295561936349034,2.165657063159917,-0.05973424652565829,-1.1278034487847133,-0.5489708021855795,-0.591066538493056,-0.7111500922178732,-0.8469059787617735,-0.4022024249303915,-0.7666916461092158,0.1420973430348582,-0.22549586281693393,0.354197898651351,0.24098331391214112,0.3036371535099697,-0.020317368500070696,-0.428339375423791,-0.2999721598826415
-1.3032641437505053,-0.6218014007912755,2.363288414167709,-1.106650002293536,1.346931453290594,1.178410482089144,-1.3878421505099288,-1.544625858701145,-0.6797725530971365,-1.4687793433106304,0.018896918116172938,-0.2213891301146672,-0.04185698241257836,-0.20658255109975313,-1.1972265782427414,-0.47356743236029053,-0.43754636755267523,0.2302476045936056
1.836790309270725,-0.6585141990251435,-0.9635823175964413,-1.1790354107109446,-1.3278157893165439,-1.3013368645106358,-0.9347643375230672,-1.367084128944191,-0.44190064844651733,-0.6215497263122787,-1.3706660718049088,-1.493007310572085,-0.6439618043678458,-0.5807055490375403,-0.16093332483880635,-0.8685922465363175,-0.9528469743038058,-0.9200568483875954
0.08217951158836095,0.04700395407608963,-0.41990482740001167,1.280692965716014,0.12842452140622454,-0.3742336932457405,1.1370315097894421,1.0525970193371137,0.3563192565257773,0.4340715915875356,0.20489123776442805,0.6637583861571904,0.44338575490277593,0.4479784682405486,0.7568476903879222,0.3006589594993135,-0.1806092423514169,-0.10062527066989996
-0.8021496157424878,-0.7765552437056882,0.26086383617915404,0.22998508999410905,1.3459277433318289,0.23801527557542407,0.42331173069471684,0.10912841773259785,-0.7073742365511098,-0.7908749388362639,0.8263685965475746,0.25612022296793113,0.035242915454462946,0.028467462860619432,-0.7148715877619416,-0.43919571107137556,-0.4754222646169588,-0.23341945341757728
-1.0213565127125526,-0.46842428505688477,0.022290459923577904,-1.2605982850823778,-0.10920076226955779,0.05334109710352767,-0.8548764121000003,-1.4416869219220874,-1.4050902700828496,-1.3310675556931506,0.20798783403744114,-0.5495595878187863,-0.04904640724073333,-0.22216591633766772,-0.8609889274086371,-0.9935751498539351,-0.8922791415515756,-0.9920189632772863
0.2781285668008165,-1.2884704737690147,-0.8736923264080632,-0.5008812964176121,-1.2249705502155053,-1.2574262393654376,0.6689252587589246,-0.5563443817829171,-1.3065738711509947,-1.1686497965855251,-0.7833563843727508,-1.303411014057247,-0.35039792045748624,-0.18372924690509687,-1.5674472077974806,-1.758302179285152,-1.1624016381175322,-1.3074546254633053
-1.0544195802246008,0.6738812153453495,1.8802905690854477,0.11676273937140018,2.040851380393252,1.6502371885042133,-0.5627646944239221,0.15692749386426194,-0.4503175913549098,-0.16118032928069917,0.673371198435337,0.5159259727992392,0.3120077101880707,0.3536448835936584,-0.5261394334233493,0.07436058876656541,0.31110139407385184,0.6095653181562811
-1.2482482871118286,2.123167807103721,3.024940685320201,-0.6357157365698757,1.963454088337053,2.806054468617376,-0.9328581464322201,0.18925794344455682,0.12920082200892485,0.11725193117653597,0.24061507107568883,0.9789113117155083,0.12602527209543782,0.1123604984146465,-0.022855207920373065,0.28173974387832595,0.9320242820821472,0.739734137108302
1.2578228712869368,-0.35030318830732765,-0.7357030156016441,-0.819779933645864,-0.9356775535623384,-0.6531649767258942,-0.5947590757827284,-0.6824831526573373,0.44940284100660843,0.23281640224311392,-1.2715392767504095,-1.089040704594927,-0.31587228458404937,-0.2899558207475794,0.40172516320754,0.12299541174298743,-0.08421393119184492,-0.13702142019592156
-1.2099448506315607,2.540283244539822,0.13726430418139687,-1.104974055179113,-0.5232059748182407,-0.1828289320348142,-0.90372629529241,-1.1764011780033392,-0.5677874639761906,-0.827910786054376,0.3163884056284218,0.17842777812642713,0.34045398315783854,0.1311074880592288,0.15017370546318312,0.12152087646835383,-0.33413195669954227,-0.22281055996595098
-1.1738305875162671,0.39975766510153254,2.400399708854892,-0.4376067132947504,1.018302453999091,0.9168517183047947,-1.1416611621428945,-1.1320780818308616,-1.2335085929797327,-0.5520902665513842,0.15874709460094086,0.4598246227026845,0.07948839607248177,0.014781275831500193,-0.5945628293129637,0.15540081236267306,0.7087694590987245,0.5640281549181059
0.6663699391729498,0.43611735694879716,-0.01628021076774741,0.8867389457782938,0.34260935229301887,0.6129143499920929,-0.35653969452167195,2.155508935771631,1.9597186705570375,2.218535478664329,-0.8097628575136114,-0.02492325477260395,0.15182235327426274,0.30137922480908186,1.7802677171119035,2.0857531945267613,1.175835586474292,1.5497825227586146
-0.45583813812972895,0.7184308869192604,-0.6576694031584978,0.7377792142718853,-0.6848857054891028,-0.9280345148113569,1.8172201807396302,0.8410512949838959,0.38144923159659005,-0.029071915295620674,1.768662406672228,0.4457969491083883,1.0605585619375741,0.9676201919568012,1.2090601265574026,0.3418567204615353,-0.9446563914577881,-1.019907197813849
-1.2815390611418975,1.7320779425373873,2.0108770578004216,-0.7478518562321067,1.0299284176586796,1.0393042945829938,-1.3794322239314574,-1.066545564119635,-0.11268161573578553,-0.8510885367989596,0.08600758663758004,0.5165578445341586,0.021469624951103994,-0.1604611019951414,-0.16204615200978387,-0.2916611255656732,0.21319424859750052,-0.0426412781497119
-1.1406645163736302,-1.4250437437702985,0.5278105383026798,-1.4329697675957827,0.03345928001378016,0.06584242687090722,-0.9947620771162071,-1.7021746302631375,-1.3986264973227964,-1.3298701791968515,-0.1051646099096666,-0.5622727421203173,-0.0805320000094492,-0.1810666502005478,-1.4122852788450642,-1.4118577748091412,-0.8129360166832243,-0.5325185691750874
-0.7254402943429289,0.22433228462996446,-0.18351171560586885,0.46205772633766096,0.15050711666994898,-0.6936193055466838,0.5829027712868754,0.018087433367200846,-0.4966493441321604,-0.673427573851427,0.9530466876598329,0.5033505494760223,0.2691825143605681,0.3977248250959948,0.19051355477385606,0.07032380741611731,-0.4953152299877666,-0.5076476456358241
-0.5862345368952118,1.1505529198729694,-0.9022023232468049,0.06637414418030062,-1.26496881130309,-1.4521289807079658,1.4590693221718705,0.33541941742039383,0.5831806179818269,0.12677930362363923,1.5590540356740823,0.2740463969627274,0.9835249382649232,0.9097718501816662,1.3820076524817229,0.10923445469920835,-1.4986910548849828,-1.4523620442151346
-0.9461043383613188,-0.026087687405115034,1.1170306355156518,1.0541012231298925,1.2291140503797566,1.7308230786625398,-0.14334706027710714,-0.20394865703903656,-0.3312699170367422,-0.26613883955311585,0.47862066114308655,0.6816551910187926,0.19405096849702352,0.03554145068976917,-0.4354443317264303,0.06609265072520357,0.1748331153359915,0.18081095122211177
-0.5050991534816462,-0.1814202335410283,-0.5336330981793235,0.4397100636014497,-0.08846444347075613,-0.8287874698096832,1.5365580115805875,0.22178032962962618,-0.5731215756479802,-0.6937946653358353,1.4389371865516303,0.2984402989923697,0.3331871690688828,0.5062902621536659,0.0035004570956797695,-0.5457464849665783,-0.6292965175806013,-0.8643221987056118
0.17717209594145106,-0.6713116766280058,-0.09200116938971493,1.3170189338791574,0.8721623811444653,0.7103591203671413,0.8092244640312621,1.0061436845056095,0.06560712189352785,-0.16572731789892675,-0.17633937320009385,0.5244557383546097,0.049386164934317855,0.3251359839780782,-0.47256398064784544,-0.2026347873942805,0.9902185468906837,0.608109823328142
-0.9137567069190958,-1.1628229208511336,-0.7565803387325479,-1.4217306110743562,-1.0659318773089277,-1.2901187046082765,-0.3076645892738695,-1.4258479312455772,-1.6609359093807934,-1.8715076154800385,0.4916094564834081,-0.6237326406883414,-0.07030283968836759,-0.27488122665699527,-1.2449215891163692,-1.8032501332152147,-1.4901803939812446,-1.563406825533369
-0.8339531594509447,0.7519987530686068,-0.7748934911959585,-1.0685569974975198,-1.0901263708678335,-1.0897595475484179,-0.009824629289395622,-0.8810242534005115,-0.6251868007726663,-0.9039169546216956,0.6516311041464001,-0.40779381128735703,0.42117146658297866,0.42225379105569494,0.33550795699403013,-0.6134265684692394,-1.4608420709328784,-1.4987343611043091
-1.180538274767046,2.262825789002337,0.7623359362911191,-0.7409314914044881,0.6343976155086045,0.3014059055098234,-0.7858927562609195,-0.7931821198693683,-0.5735578291785027,-0.5967909295733917,0.15990480264311094,1.30405993321454,0.3228064372334183,0.26468278630370273,0.19058946749475278,-0.21233230891353624,0.7713342757255317,-0.02580574503402274
-1.2424897310320695,-0.8839671438530247,-0.5606012771492751,-2.4644603850002245,-0.6191387912395224,-1.2353103433599737,-1.3757928868844616,-2.6532071320284776,-1.789418455774558,-2.1087057274657433,-0.12337370480532796,-0.9430730645247147,-0.14170390023675034,-0.4451467800200473,-1.2347862310971487,-1.940806388367786,-1.5837335037226246,-1.6779353796109038
1.1823973617624137,-1.082858898344248,-0.4662990649254445,-0.6319781952042979,-0.23979885221624483,-0.12131414463706502,-0.42843945900087715,-0.44955283179454947,-0.603425018337914,-0.5102392992411153,-1.3636754072081085,-0.3688807669649232,-0.43253352966170155,-0.3227131262476655,-1.5075066400723003,-1.8926629258293188,0.7559507127180536,0.6654099144256896
-0.8530149195027421,-0.7082591627371427,1.0832151595862076,0.37264285949575326,1.9810341431159244,1.8652805315492893,0.40633186028567186,0.2656903899381384,0.07359054843313738,0.012872019773054284,0.6411468328782614,1.3322154651264124,0.07823816239588592,-0.08650896869174751,-0.7860434478885685,0.3184661806917755,0.5459770349207224,0.8039328176433889
-0.4235058524318885,1.2667171714064287,0.4956868617406655,1.220666790217971,0.8052124637212189,0.7201688741808685,1.2607536005125168,1.5632895041843926,1.144055803436527,1.1513555240328741,1.4876963359672277,1.94932161243037,1.2418735567815846,1.0736910010097283,1.4211785426742891,1.9006060621586283,1.3321315621253902,0.5426180018866147
0.7737653596131722,-0.09631525462954092,-0.7107142476606392,-0.5396650141598481,-0.9037644972667688,-0.8744733563214573,-0.1472549453936867,-0.27621218866142266,0.5871537909814953,0.25524018996904363,-1.1698573132096597,-1.005404700494213,-0.052444341644036316,0.05200655181719774,0.6771707414197088,0.213460115056784,-0.24734910027879484,-0.4439762724905989
-0.19748812734209156,0.622185971352706,-0.31239931527278364,1.3367397339037508,-0.22906531667134195,-0.14630728194390902,1.6269198035187573,1.1577671064106934,0.8710381210563967,0.8248360259839067,1.5146240228498475,1.275821613481541,0.8468465536520424,0.83396631207829,1.3461829424640515,0.7490297608060682,-0.34643161769666236,-0.26225907420801425
-0.9803291223898941,-1.516165170262378,0.17886805145648393,-0.741752220776317,-0.04246033780450854,-0.28936712628721967,-0.4966041271367816,-0.7530960976959018,-1.0848101316197862,-0.8392377966173379,0.2324216937692141,-0.2170753747848196,-0.10843950169160747,-0.25409990780250674,-1.5246045898623537,-1.6322686500114747,-0.7969818942312755,-0.7629761028448188
-0.5717989386308214,0.13065404831723046,0.3932187067136849,1.4087150000016413,1.7212396205991085,0.35313741614139643,1.1808036374619775,0.8587119953022833,0.738125108341442,0.15508816180516166,1.2076034814366958,1.0374147194936183,0.5137325555341429,0.5044061122527257,0.2528610441972035,0.7235639916669507,0.5522785989518391,0.6492954016613489
-1.0562042092009185,2.4029605046663955,0.713938009055919,-0.18200113974034662,-0.003892939376243539,-0.001056640017247415,-0.05894730411163279,-0.18995940185308657,0.40858496873018285,0.17772671293329484,0.5025869416773447,0.4419580992168143,0.37477939463161875,0.5711179268005054,0.5200910520594938,0.3622849012583967,0.13900747833027702,-0.04333537379986322
-0.6275652115269763,1.426698538774388,0.03319268581749064,0.9885692545543895,0.4363478922229677,-0.19525203447931994,1.2369368070882458,1.188155414738922,0.9737778782347855,0.7531565175812481,1.4887791571613773,1.376514292676214,0.9522146002863895,1.0331154211511253,1.3041630182100747,1.2455328508341732,0.5483838595673703,-0.13826353405906036
-1.2080581412645601,0.667469936587046,2.236519857484796,0.44954079642027217,1.2282281482538202,1.1226020092841011,-1.2766544818863408,-0.060906328431110615,-0.518169860223503,-1.1025164971744938,0.006885489233947139,0.04989149354093096,0.07920386927027726,-0.23559186100446594,-0.5175886059487573,-0.5219156150883915,0.5336276608098253,0.16378933031613346
1.5161729070270038,-0.279713785926787,-0.3794454796904563,0.6564588105485274,-0.36038867206415326,0.3944313209903593,-0.8506215140515876,-0.06730156648473921,1.0141753683005266,1.2582558053584285,-1.1424158846225723,0.06639621947076643,-0.32648531201788344,-0.3123475380344191,0.6853780378376176,0.931360820563007,1.2464810572197882,1.6838542570534643
-0.7437314796929501,1.7830360436582413,0.5240934674035678,1.0502458673599837,1.874429718898778,-0.0990232452535691,0.8041860653737064,1.8693520320714465,1.4784897570570295,1.0142338309408745,1.4786800023427016,1.1239447540938634,0.8309839390655732,0.9395495479233111,1.255917007707338,1.2726875410575633,0.500905939430686,0.3850580816732105
-0.8710906156682277,0.4918640864804437,0.15551528987662533,0.3011791384683343,1.0772691804530128,-0.3051207791880917,-0.246916566759207,-0.06640381732072206,0.03419910118276629,-0.5362898787580025,0.829676082349176,0.5245761011766767,0.4128080381078436,0.24879280956165806,0.15468893121702923,0.05924891377685299,-0.49649971053990505,-0.4856927480971022
0.12433722203263672,-1.323125103543612,-0.28611480393682037,0.9443254171201422,0.3505673047106385,0.2145451550827424,0.9470399432773677,0.6549940789727938,-0.17018721415160756,-0.11295386981601127,-0.21879872293509905,-0.07290703447244791,-0.24822754715717704,-0.1710822051656534,-1.544802367435259,-1.2933173876713555,0.3780665578113955,0.43609224186157075
-1.0163336447185287,1.0631211486593302,0.9531504922175301,-0.15334154450752194,0.33409290831616173,0.8335177041812489,-0.4203170777924121,0.09109437357816513,-0.37732542826497306,-0.34847533313839907,0.5929807502550031,0.1465193675756021,0.31922284251028205,0.2122861676732016,-0.10299275067374718,0.2590230717164395,-0.0457216038758022,-0.04697997768801137
0.5088769887639941,-0.20540485560849098,-0.3617430128545591,1.0691077645429745,-0.3042959328802935,-0.3258565792862426,0.23034476816946445,0.46288494143010195,0.3429013762653568,0.38551288386390087,-0.801728853359355,0.1377904947643159,0.09343246672380776,0.16339220146215197,0.41871144910555774,0.4592687589029535,0.42281351954596236,0.23405021240667476
-1.2887584135628534,1.7698263311897189,3.962613275138564,0.592487223263435,2.2401125908244106,3.572317469637382,-1.3549196818177338,0.18648809902236413,0.586196439059505,0.7173625702879065,-0.08756845115538812,1.5244941107705863,0.19353227266682735,0.24500791746287562,-0.14120224817701113,0.7112838894581505,0.7071577777924422,1.247545862845528
-0.673617890229358,0.9072872979816553,-0.1946058285714725,0.6926072791514735,0.9992648082135104,0.14026254396314614,0.7205059964934599,0.9719257415176049,0.4143764532608062,-0.012602259115567182,1.293195755390025,0.4600904178762355,0.6561527648758326,0.5978978573135298,0.9353990106406206,0.38318940766656256,-0.3447638788169001,-0.6072489065707726
-1.0888485000821115,-0.7312554609423011,-0.9058696412695029,-2.070530324975706,-1.3372525237495942,-1.57386780121491,-0.9491057476882094,-2.449438007134136,-1.9500862207230083,-2.0678765507805243,0.06019149439655643,-0.8945190956965656,-0.1006710803793856,-0.27670748759763925,-1.0738991386883128,-1.8342099261956573,-1.7003030536840378,-1.8524761247690171
-1.178645052815844,-1.1102115428084207,-0.40402394974172623,-2.1221972379888485,-0.8119705371456489,-1.1451012639863853,-1.1631592054989186,-2.1108174101892305,-1.4677277198546617,-1.918847263965919,-0.15733202552704564,-0.7337233922295625,-0.10003435807632438,-0.39789052542732384,-1.296791043053118,-1.885257655600531,-1.4455964412937023,-1.4166509512144159
-0.39171583917853975,1.0171904026550744,0.2694671149677707,1.4452809686967087,0.16656301398269527,0.2320242159344647,1.7342921286202053,1.7939646103785476,1.1300603735581312,1.066621336236016,1.2566379083502772,1.827358582670941,1.1053767141337583,1.012813117028985,1.5240914483712522,1.7200624142812329,1.1521519825513018,0.40415183838356705
-1.241106012746805,1.3383155470883077,1.07220978578981,-1.080433867588157,0.19479736454240673,0.2770528593591516,-1.2849321745493447,-1.2412996873750193,0.2313281851394103,-1.210700027005554,-0.1331514889983775,-0.1330708046907955,0.08847543666207813,-0.2032976655408156,-0.5205936683774971,-0.640325898691181,-0.7462427718167605,-0.7141048522074047
1.0402731057336096,-0.8163510110203174,-0.265977699068922,-0.1507700921200191,0.21757350492360414,0.21269892957303346,-0.2442539804347196,-0.12328106792672329,-0.20316837563792475,0.017561660258552506,-1.3131064582252545,-0.17603727263982666,-0.21206992708482295,-0.1730656500762091,-0.7642928115120446,-0.03317137001141204,1.0776158290594757,1.3984748195967116
-0.6781051667919937,-0.9349647618709596,0.7514907058689296,1.2352938510174507,2.4152948547161786,1.424001210549139,1.1063945887746667,1.3809513481890585,0.05544505356079735,0.5375099438249481,1.0637685896269937,1.301234712883545,0.12337907665329148,0.13637137063348964,-0.946975803385549,-0.286082142629604,1.15187886683192,0.9354407552090316
-0.8512288058568458,1.1646750457719155,-0.5495887719682451,-0.8943067451919413,-0.8780817378811191,-1.0847287619427177,0.1287670513261133,-0.5534901182994025,-0.2171491512754363,-0.5935741539494994,0.81980415782623,-0.1776974419272958,0.5014884374783707,0.5467183831705285,0.7752898915563838,-0.17647758817538894,-1.2367417044672666,-1.4138751497571624
-1.1064376113885142,0.0419339391179201,1.4695888038772982,-0.3482741310859564,0.5551001915439036,2.119106986382001,-0.9117378591001845,-0.7455824393014593,-0.5414929656964415,-0.9905592218906786,0.48259576729879655,0.7307948899661775,0.1366170483060681,-0.050064924524439086,-0.6324806441639483,-0.6044107849936589,-0.32133868535965227,0.16511351577865724
-1.27325003236112,2.8089203788449164,-0.8003793847624017,-1.9085643091080684,-1.1221687204436166,-1.1029819814005897,-1.0791479760055838,-1.7991663376075027,-0.843661869625425,-1.120293371968297,0.11607913412503874,-0.6488873350220721,0.20572287395542924,-0.014248761151642711,0.26694438118546754,-0.6494701251908532,-1.0701759918156104,-0.4985929747882874
0.791789404248784,0.4790171540096041,-0.7161779586920466,-0.5385239677856115,-0.9641374497425278,-0.8620400108742584,-0.36905549070014715,0.19671263962842642,1.8709959932567606,1.5911386176860272,-0.9499208603975822,-0.884058228471316,0.011164907702213641,0.058540594180467295,1.7946613648401204,1.178704846971649,-0.5044895628249683,-0.4044988191035657
-1.0769225361207273,1.5148355926063217,-0.31828899099798263,-1.2900964381593267,-0.46864266114439457,-0.8857547357800608,-0.7901348555285391,-1.3318283725922424,-1.0124471305148437,-1.058159003113071,0.25678316884317437,-0.4811662326643401,0.2216134890701938,0.0795514601989555,0.15011520934570252,-0.5782547499973296,-1.1755957571528926,-1.3172145958886818
1.3757854149758804,0.3160001232814601,-0.12442490625835062,-1.1497176400425817,0.5279861350258763,1.104515666519382,-0.9696178309749166,1.3644454732085618,2.649768458515779,2.7095925490159964,-0.6829607280649072,1.649343683087181,-8.253379512713684,-0.1222528195277973,1.9817157118643167,2.5354245887857627,2.6523930556595174,2.7951088051653423
0.3761687754406244,-0.5081579767700538,-0.5009175444954644,0.6916731515778036,-0.3593534058918149,-0.503963030909298,0.44526094025222995,0.21985406266198504,-0.42656624801481974,-0.5133416394367972,-0.695111960184425,-0.48195150402066517,0.04879002916680778,0.0811834737921661,-0.15270430857712555,-0.16986945062212894,-0.035567929948424365,-0.1618276499168848
-0.9364550403412663,-1.28295916394753,0.9902922586300833,0.39800513827238615,1.1654715479400783,0.8533122600152886,-0.16846900898940903,0.5003667923677599,-0.1247736543944874,-0.2958802364160669,0.3060252296886725,-0.02249314957103004,-0.06396612405711884,-0.0420262452312925,-1.3492559827464174,-0.792952739599242,0.19353491334552234,0.12199706464393882
0.23947523799146062,0.6689752699224595,0.041815475129171636,1.3654010955582652,0.4063047398959805,0.9066833100767298,0.15120126374413453,1.4075865162678125,1.781950036357673,1.7428802173708704,0.061785704062181576,1.207242378304681,0.46906692170570924,0.6711667918716836,1.6484947255764324,1.8090443654986896,0.9439631150897562,1.2141983944090378
-0.5410134540619037,-1.459149337369519,-0.6389513534738314,0.2568596909838558,-0.8589270777256159,-0.9861139402481048,1.4366453814097147,0.3953981963742842,-1.1221908080152347,-0.9610197646507743,1.4541507385223686,-0.066958217329275,-0.23376726503347597,-0.18288622972212235,-1.5029033017051698,-1.691667330051574,-0.9936040239274891,-1.392370597429396
-1.297273280548464,-1.1536957023490315,4.083934267190169,-0.8656761212270715,1.8826119219153228,3.826639966325161,-0.7983304033527692,-0.9886317981827737,-0.6215525472335629,-0.15129651282903409,0.1540185095658441,0.8350181102709142,-0.22445047327851808,0.034880695819697466,-1.3187150320295336,-0.549734694256887,0.6204492134406396,1.3305936323884489
-0.8433780727452053,-0.42402557762510573,-0.6782335709256185,-1.0683303347598456,-0.9904056536909355,-1.448543729305479,-0.05457934236539226,-1.436943382089743,-1.6010236218300984,-1.6601707176688985,0.5798577054420341,-0.42614296679211,0.0628151601255652,0.017395129856862552,-0.5954021002890655,-1.2821892807438502,-1.4556912919989948,-1.4435031165660572
-1.259024252841573,0.5580286489316206,-0.4261315618337813,-2.255561725810855,-1.180740490818409,-0.6741085438510966,-1.540487777977763,-2.4763074289034885,-1.5798632053793913,-1.669487511102884,-0.1661216538732659,-0.8148343155165525,-0.061136582099388014,-0.40354898409804335,-0.7504493114317948,-1.1358388103550066,-1.5394748264013307,-1.617612914718316
-0.8104166115276719,0.7128808826534584,1.1808056907977782,1.0842345937274798,2.051898279009389,1.6839290597162437,1.5499671872142902,1.322280425068984,0.01735251575099026,0.3062297774419862,0.9634087248886052,1.7451755605559198,0.386845349077045,0.5268879548148918,0.33656326282021093,0.7859300892891378,0.832495662830263,1.1739474223073583
1.120548478698564,0.10246732415283655,-0.5932527456807819,-0.34256353158309594,-0.7522837297120817,-0.4493183832161839,-0.6021678707848572,0.061149849501030085,1.575160115038408,1.2955245011206151,-1.1062239760954296,-0.5493648060058652,-0.23039214273816333,-0.1469528947820213,1.405977968045268,0.7708611832804995,0.060189417273928965,0.22686895998597598
-1.239042846033725,-0.27107618628342717,1.4319953274993362,-0.8437549914470434,0.1847302182627916,1.3863133217395638,-1.424157956277757,-0.9473000408179749,-0.9675389068685187,-1.0267184385482233,-0.06644239862448366,-0.024929364857296774,0.018886324808974862,-0.5295623063630086,-0.9502238486641403,-1.0326590645871552,-0.2952650935868026,-0.32795521731660127
-1.188913298978388,-0.4570155042590894,3.346498064370122,1.364102743748091,2.494827292742616,1.8673562875011538,-1.007190090936597,0.5647163851522492,1.1523975816933467,0.6893829008518543,0.43442034963160203,0.33150048669517107,-0.1778229346084527,-0.08848615941001088,-0.9366847196609216,-0.1358420219084323,1.182878555669747,1.2647303953287008
-0.06844964293031232,-1.0152347319104371,-0.5249159535592713,0.8894736468526901,-0.24029677025505725,-0.0765255446457263,1.5464313820302948,0.4639724675650519,-1.2119056235376977,-0.9891675078456394,0.6218186597714678,0.23903375982282096,-0.009657480251802015,0.0922978714921431,-0.8819050626330516,-0.9601589311473041,-0.4650165823686507,-0.5129364072218796
-1.057436959047237,0.7990330495464897,-0.07600642589999412,-1.1902972471799982,-0.707591086659441,-0.6592826967290197,-0.6910995367728652,-1.370619159357013,-0.9127458688999402,-0.869440929130908,0.26012200913205896,-0.3337841451777367,0.21861959208576467,0.01364079705970362,-0.23060837618448454,-0.6596424617019615,-0.9128697329487929,-1.0993188056353724
0.347017678148599,-0.021008752750899824,-0.7688170649421909,-0.06876650331508212,-1.0159613003452916,-1.1268271937049983,0.41001928876723925,0.021044539852363202,0.1634723603009064,-0.17249397397507882,-0.7872463569537018,-0.5910731388967176,0.14877270624556044,0.2674288085085869,0.6611163854517307,-0.07166221701128003,-0.9538891398122094,-0.9592181519726478
-0.6484085750729673,-0.8497111784734843,0.6061606146272361,1.0349581962014163,1.2936941232316048,0.2711378016871709,0.8663476503259022,0.542789893557766,-0.1909253729813788,0.35757584163072803,1.3490216542301867,1.0618291156650903,-0.007106869511599609,0.18774583461650693,-0.8990156577649551,-0.3556715604946646,0.9141102021845043,0.9186642278804276
-0.9759152371616744,2.1310123126095903,0.28550536963468554,-0.22727621760289668,-0.19678047626100645,-0.48419778163465005,-0.20787972143829708,-0.026540412036027073,-0.026248247768760776,0.09471360344114028,0.630855967219712,0.2380957366501961,0.593508624674519,0.6470006353519874,0.741016485114249,0.6372530100002906,0.2513540388314534,-0.23724524582671838
-1.038273991939803,-0.6769908843065636,1.7829136179781595,-0.4155110749851303,1.1581753278591038,1.7260576864641581,-0.9055048829861178,0.5681172708047683,-0.04749037624495369,0.08043321344655949,0.3046426044594485,0.4903494145098273,-0.052275033855535634,-0.1704035810694226,-0.8226479992756001,-0.41350525826728357,1.2487466776817713,0.4251131264216761
-1.264712480497685,3.462176573939259,2.9269124983924684,-0.7461736478539939,1.4486202359779174,0.9390747976021889,-0.38798004106843936,0.12210929975697893,0.20508817115354697,1.0488725254641078,0.30011635789021623,1.074325068090662,0.5608406764385244,0.19826714787895047,0.8154195627618428,0.8439448830678332,2.295978767160823,1.0064236168722471
1.683097077456875,-0.6289930942069606,-0.6182555122656952,-0.40862047477919666,-0.48750165074822405,-0.1503415464096358,-0.8727748862185248,-0.8050027809843378,-0.13261321925559275,0.13245879120078596,-1.31861374495084,-0.8396824126134005,-0.4885298698350439,-0.5037809636705743,-0.12959310931771714,0.14931589531079933,0.10031033326966428,-1.4537638385516887
0.6038950370717879,-0.7594703736960647,-0.15034072639893672,1.2847428827253058,0.14207416796304476,0.7348618549445508,0.13080078580136137,0.697836894557424,-0.16349336443396417,0.27811128653532824,-0.9375205346717813,-0.15420760662372027,-0.1006976863739333,0.055516525689340214,-0.682382804062226,0.5157877182508778,0.9881044394524001,0.8881220784538197
-1.131449303300171,-1.0521770091520695,2.505516950851566,-0.6511494273785495,1.8460577837867342,1.6668608111017758,-0.5942339009829093,0.5284068228836013,0.14800729441567848,1.0561678503447376,0.0625990744588944,0.3576215737443577,0.05553553953274704,0.007802426792218014,-1.055081074893402,-0.07741727742314963,0.8630517811930044,0.7914139497540918
-1.304647999274134,1.1191493479627406,0.26448839369672494,-1.51195712242252,-0.47164170823323714,-0.2756737131747015,-1.6218426207316254,-2.0295347545872473,-1.5192824760372967,-1.7256263270286913,-0.17753689414500617,-0.6519426525324913,-0.06355132919496945,-0.3965426030802822,-0.5707941444186286,-1.1806525416821476,-0.8753050147086948,-1.2590215828365765
2.0083752006034024,-0.9249933005023401,-0.6974383549881347,-1.0363530595325317,-0.6004150537483448,-0.26123465933601786,-1.0654313932534254,-1.2348238381996242,-0.7452840096589667,-0.7252795678484165,-1.3525614845366791,-0.3329838647689143,-9.216165974526353,-0.6424858899514895,-0.9593596035292303,-0.7432961587838331,-0.06493632525359896,-1.508389996582585
-1.1507152740381934,-0.21822407925407297,0.632032756774614,-1.4062317857412603,0.6019673272094621,0.1392980944116018,-1.1963486908161782,-2.0292761748324257,-0.7231937740066083,-1.3278280105214368,-0.03739458533160813,-0.09041007180086716,0.0297988639281493,-0.26492125818676954,-0.9033621209913257,-1.0358329189666204,-0.9931560687874829,-0.8534166694532649
-0.367875863469689,-0.7132990896317021,-0.7916996277816665,0.6990857801831174,-1.0027109036432704,-1.2685791651404457,2.0731261184191356,0.19960511631727207,-1.5247902062769016,-1.5862256836229305,2.1237610393425146,0.14646319299403046,0.133279516957029,0.10122355266133713,-0.4848224582251049,-1.0027936850302226,-1.138103896430011,-1.424294042875509
-1.2191536883591831,2.908096829377092,2.137177653857817,-0.28443584658159077,0.9817927325592631,1.1292416191678298,-0.55775804602606,-0.31693589403142874,0.17430533094157816,0.26888743056086983,0.5407886258955956,0.4223168808016488,0.5450935962232649,0.5390839173302765,0.6606844202071072,1.7496360903319919,0.6157992010285365,0.592305168921181
0.047725190157221375,0.9303971583104,-0.5400548613863959,0.7176282132316778,-0.17606519192137352,-0.5089946737974675,0.7640662421999568,1.4026537800167254,1.5579455760045693,1.2370783087115707,-0.08219474719016377,0.6823765019534442,0.7452521543186181,0.9566893031927363,1.7529624754629212,1.143901937059769,-0.5040239660676945,-0.5369832944889229
-1.2670069312834216,-0.47993399255812713,1.0113131616950586,-1.2258648367044436,0.10822529069979873,0.852792743689075,-1.7039201141388531,-2.1125610551873373,-1.1847889477106877,-1.2065594998347675,-0.06918313141451067,-0.3703076970389278,0.05535903783902015,-0.4831541051134841,-1.0467628075451296,-1.2589543089026218,-0.4683738793391715,-0.6952759569161383
-1.100402114527506,2.0199367085058433,-0.34033614618600744,-1.385366203752228,-1.240477162978126,-0.8343508798832534,-0.7085215074333244,-0.9573272796007207,-0.4043868183132053,-0.7476929678968969,0.3143126171464373,-0.32098041013273465,0.32501807801243343,0.25282471104654375,0.2767971616138322,-0.2422027512840141,-0.8059271622933039,-0.6861980600118684
-0.8584899723121909,0.5123520946824613,1.2552160524488027,0.9990436771065141,1.8501557749641926,1.3899090508842995,-0.3976356640185567,0.6791003542591221,0.40072047517501896,0.45822956512440166,0.8752420438355246,0.9784379540561541,0.3413636196677293,0.39553933504110983,-0.14263679104705945,0.7375430491742565,1.4637121464325078,0.44971156021139586
1.1877629420238247,0.30170901271286027,-0.7515341959888538,-0.7392892611925619,-0.9876710456410537,-0.8245265232946979,-0.7521606410087373,0.10387427215869949,2.202567677418917,1.5562630785610787,-0.9525190928052784,-0.8802864202663593,-0.23568676942853173,-0.20784719165321344,1.842498820253416,1.0862510118357087,-0.26305701469429776,-0.2422386335189877
-1.246923918181059,0.6879573083672822,-0.8476104409247435,-2.4688492653263414,-1.321968356518573,-1.2727578234607393,-1.4428832397290385,-2.436292169896637,-1.7358108965701955,-1.9346716822540369,-0.11113307070924745,-0.977652295388734,-0.006548687005566209,-0.372285939855838,-0.6568467890823279,-1.5445650635829336,-1.7347176939300213,-1.8325210710185966
0.06554568846505385,0.19384429357241054,0.006467578633104357,1.6201717394937747,0.7801117390250646,1.4401629947829808,0.9249444755661643,1.5927125421821469,0.9627402060502328,1.3424598736165956,0.21306704829811343,1.2453618993623035,0.4724709123035725,0.6785041032706606,0.8139824372290196,1.0072798450972669,0.8575843892368142,0.8406436230071815
-0.7564535103822974,1.8446723721183163,0.8073775253085446,1.102431540750098,1.6339252513956748,0.12335265563333783,0.8820704347594265,1.1272480401904899,0.6450266568166902,0.9511543437386185,1.174859589409546,0.9727127420314693,0.734677933279047,1.1048059049106467,1.3389225923267385,1.5766607851491525,0.8336268065656037,1.0702090714749954
-0.2433881876261005,-0.4379560328656628,-0.13852230524773929,1.3461784196030122,0.4579480459861742,0.2572092310934702,1.956091768283658,0.7882490939537812,-0.5233983803646882,-0.26853200249186915,1.3573055174526463,0.6261649900697749,0.24601126645323468,0.5269559896834113,-0.0826847033315807,0.020633432582818502,0.04802528206770983,-0.08564118377140068
-1.0950780332760568,2.5467406051306605,0.8972076503996115,-1.154061288097514,0.5673031442810009,0.4356617148695708,-0.5208015748478182,0.6688275042318798,0.0990390758307125,-0.3017010520178711,0.738271223469107,0.2862665049631689,0.5209384893422454,0.5692262663968836,0.6122129436266743,0.7266305766956409,-0.26014307231936706,-0.11194528112102091
-0.9215695279325713,0.3856809454489227,-0.4621640712545875,-1.0903154243228164,-0.7612274718496869,-0.5973565273401447,-0.2813541044907813,-1.6007973125783825,-1.0549332493338257,-1.0920077711446834,0.4803577810753732,-0.4634715637095851,0.19633648021114472,0.16168463630218302,-0.1690492903529591,-0.6652301942330899,-1.1442186708684974,-1.1366339836726
-0.49993795857346973,-1.2579777829813816,-0.7128982446304035,0.5540212994780236,-0.9188632403121765,-1.0632120867050592,1.6984640783191713,0.3320414033071116,-1.0195905822110656,-1.1887483604583826,1.682377996193173,-0.06634822900737615,-0.1787977800711971,-0.13270733801627443,-1.216736419092598,-1.6056492856438067,-1.1205913967734595,-1.5057196619061
-1.0105037683560347,1.7230542355902756,-0.9754780510198314,-1.4075049599000762,-1.3935967946144632,-1.586239680240227,-0.4196951727088818,-1.1348507261740879,-0.37375255930950474,-0.7682385052338149,0.40214807312246637,-0.5925568919739739,0.4197260191130014,0.2346929131561472,0.554467333690298,-0.566562960659359,-1.5671762518762504,-1.590889416894358
0.46673711618803637,-0.3814324966985807,-0.7798835559560107,-0.36434109710578816,-1.028614320422002,-1.0088528787147033,0.3446237461440379,-0.373091518711251,-0.33529637452770705,-0.731792378389165,-0.8737646410798076,-0.9052183578749984,0.06119914860817276,0.10077003549580309,0.09481040387837757,-0.3886975196640039,-0.8886210025463849,-0.7719303326480964
-0.7178269742445366,-0.9965992104390028,0.5681939291201631,1.2307752103724618,1.5306045249364626,0.23794442381150777,0.7967804585811099,0.750822126047978,-0.22055389599002803,-0.017704831847340268,1.1166777618288295,0.5800756979399548,-0.017438164355384606,-0.057952760440250925,-0.9892113532935751,-0.5722864369393644,0.3258198446213638,0.5731029778781832
-0.0419963524532063,0.8030176324695972,-0.731639085553092,0.6425608773893134,-0.6956565911803677,-0.8555029880445943,1.1788222436502442,1.2353270511383714,1.1881651379402782,0.7319063492466718,0.3455604070212957,0.05483474369162182,0.8723749379212044,0.7570997483111904,1.509379944664233,0.640443505508828,-1.0780863304677963,-0.9551299709869393
-1.1460252121968901,-0.019630326814276386,-0.11260883443269458,-1.68807140365504,-0.9119433588858489,-0.5436516088297527,-1.1702709234288433,-2.1854257868978784,-1.5383090802291302,-1.7203553801947742,-0.07832551338168059,-0.543082445855589,0.0332027019504345,-0.35838416826313313,-0.7890835854511099,-1.317612006471585,-1.280111302601391,-1.2791576989645916
-0.4637556782533478,-0.8336028585232067,-0.4872810651056353,0.808904788315424,-0.09866661135256274,-0.44629140558103636,1.6013715541250433,0.5107559745701945,-1.1364078435233826,-1.1549419694458107,1.5770500824452751,0.24582379289404793,0.010841176851449568,0.12417620996114787,-0.7631327938739421,-0.9372027301084236,-0.795699445737228,-0.9981898299799851
-1.1651883789237631,-1.1718466277982453,1.7600786463575726,0.8744588623892595,1.075130029210138,2.002012860818853,-1.0334966584118712,-0.6817908863106988,0.031982114839348846,-0.7358642000065178,-0.027923767121181765,-0.02958016061098887,-0.107916322078709,-0.3714628326645878,-1.3349294690155238,-1.0974959441305503,0.5494627895021804,0.39149770785453675
-1.2014098127254373,1.3177366774380959,0.30572422130050314,-1.3332651825924455,-0.08093072985598053,-0.4320577559959961,-1.2655287652128049,-1.798715523210735,-1.0203958200217624,-1.181268167603495,0.0847049188451565,-0.6102095455108837,0.1483816091764101,-0.15290893210454087,-0.40148815544034394,-0.6454445388595768,-0.4006265289036435,-1.3059515309010694
1.552602528308417,-0.1479808560538215,-0.870580359750636,-0.9210500412024413,-1.1639931716157357,-1.0650175754321016,-0.8630914408065646,-0.5083698730369942,1.145378045046999,0.9681641463159952,-1.185941788652556,-1.3050499348438587,-0.4538463787735031,-0.4452517007065412,1.027959490071268,0.5285916689710392,-0.599848191441957,-0.5379034593862124
0.56784020752544,-0.9212897516468534,-0.18763113978201104,0.1365846260795148,0.38879085654933565,0.7054077354761804,0.19876341542921797,0.24866502856476047,-0.31881185492959374,-0.014645990915255633,-0.8250339898565998,-0.19763455722752388,-0.14644752977094938,-0.04135319223671918,-0.8945207186900126,-0.12691884110860327,1.1865881423029097,1.2767638741229224
0.2867563591269513,-0.23180551099853272,-0.5777938430332671,0.874616985066005,-0.4955809484808945,-0.6848040275967838,0.6943617809145453,0.5758490902180388,0.21291625110931697,-0.18055741445066764,-0.5656830898400836,-0.29915263394768016,0.18152498446490647,0.2826516956589467,0.3027938162131311,-0.034014430905415505,-0.3642730912613238,-0.44675362583647754
-0.601558887688394,-0.7223352557590754,-0.019561551285534783,0.985596573032081,0.791716397532423,0.08418033076306286,1.0438381105769479,0.45350530382676574,-0.6682248284853298,-0.3569301037685438,1.1455510784645855,0.9575113845015258,0.11374987682457191,0.14186648515882702,-0.7732632002127318,-0.7307648349943057,-0.49333117079745287,-0.14345277452609306
-0.13491951327142146,-1.2138220613857922,-0.8289852591056497,0.7143279575027728,-0.6714759961564087,-0.8570672209547842,2.1077710171727526,0.3660572752047733,-1.301760236042768,-1.2690327125618366,0.8863948057304475,-0.14424830093260135,-0.17536336643108247,-0.06440460214493474,-1.1711461467785742,-1.6184344061123388,-1.2644232489091232,-1.3435759019362419
-1.0298781074970724,0.9193429280870969,0.6698953490884522,-0.9018226066576238,1.4052530369858907,0.19025971835281205,-0.8204197332787495,-0.7891123282755902,-0.21991846128673612,-0.44077445314490415,0.3631893755811535,0.19083824100834207,0.23800701907874217,0.09506256148549258,-0.08132262374279717,-0.15845684897570947,-0.5140777182137571,-0.48681076254601574
-0.797695946983861,0.6102478589770006,0.43132201453687946,1.11979091271042,1.1219313926380015,0.11819819296456,0.08903333619945344,0.6060196322342434,-0.3789665148722757,0.19669334983443296,0.7738137703240316,0.5070557510534647,0.5105695356601607,0.5169925774158474,0.22183321538691775,0.43540844028482595,0.12580425691709107,0.15405180271065264
-1.2264180362493393,-0.37377939259573173,0.21560608140921708,-1.4513409014041607,-0.4293430521993184,0.15929795454299878,-1.446385240733318,-1.8111973378409019,-1.4568397542156701,-1.7321474904802183,-0.20600535790244703,-0.4832339817809326,-0.05689620208743431,-0.39276958104382087,-1.002354487431057,-1.4939990023916359,-1.0027390371173797,-0.9130019446143621
-0.3314578575443899,0.11618998768172281,-0.3499269410289032,1.1106696209637064,0.07679888256752299,-0.40588786318139586,1.8958839783355401,1.064027022410173,-0.13349918309682812,-0.38092713579094545,1.7128192057336338,0.7762354031409346,0.6344139860215782,0.7140578086509379,0.708304114627913,0.4669546914766527,-0.35390226081154735,-0.22020122306076753
-1.1573631971003306,1.746223405533507,2.5516103356943067,-0.030696665735906355,1.3733177698205068,2.1832772406883043,-0.9534808053789129,-0.5016560060646521,-0.04743596951489813,-0.31591285761105575,0.3874168923212592,0.7338034524182334,0.07944771671069253,0.14720812608787093,-0.06721451744018829,1.4759867840224852,1.1467928210404734,0.6425254408423434
-1.2978088345512073,0.4553962616769444,2.074629773637899,-1.2168639192803428,0.2688629566066463,1.6546603669937774,-1.6541919388637243,-1.4661211866406263,-1.0808583104215628,-1.3362109904582586,-0.15585837250701576,0.029532689616372162,0.03434204354749479,-0.37488700946997694,-0.9842664274933544,-0.6056369028139296,0.021832251980554572,-0.02571592469545581
0.20688818486538332,-0.48336149591364974,-0.24869483011558494,1.557404475623127,0.2520320140557869,0.5055251600810364,0.7956059846077289,0.8000525627292425,-0.399338446970393,-0.09139168397292873,-0.4430467031373972,0.8627536817524164,0.12713356868384376,0.25972962103356645,-0.17519222847709848,0.10193376115751875,0.22026139206633974,0.7867084583260504
-0.4689440214052453,0.3298880606514584,0.11867316673065684,1.3991119412993405,1.233821185170915,-0.0242539544547602,1.2843395295289075,1.4361574349229012,0.14323445242814212,0.18874704665661568,1.538247492269073,1.7089557824853068,0.7018335607943096,0.7594300958887084,0.6954891289705538,0.7881125277838866,0.4336518148440415,0.08955923763105807
-0.2153115388461138,0.4954467054063347,-0.966791148753129,0.7393679485286959,-1.2585267526724084,-1.348467063210543,2.0975559261865815,0.9237998283512809,0.2489488240809648,-0.05041519203045163,1.919812927345271,0.3991834402153696,0.9539471105720574,0.9222860156223583,1.23161836906874,0.10129825391127904,-1.4127430483656018,-1.3344711200219967
-1.0642897041301318,1.4532713266741255,1.729077551216487,-0.4392512126861311,0.951708587459799,0.39778257374515075,-0.4461544767136529,0.8774305680106912,-0.0868939636308146,-0.08207463721673183,0.28146315738402017,1.4218461622666108,0.4834358682285641,0.07699800046435455,-0.12234563048723217,0.6521337940268946,0.8607298204271281,0.767523811787421
-1.2382973422858816,0.024507124580630948,2.859182200646099,-0.5768615433889455,1.4876027447754958,0.4122868823921696,-1.3971011524693848,-0.15201016916041343,0.4246932305203747,-0.5235240717289897,0.15588825182088667,0.2745152723531545,0.07780402626647524,-0.06000805511144552,-0.6865259812614146,-0.2703761477270646,0.0909079294642345,0.4681458418178713
-0.897582682221384,-1.3034484156197976,0.3403105679356723,0.09983895962453762,-0.4013667986243735,0.4887035076181011,-0.2721982001777116,0.1570199312818273,-0.6326543960113413,-0.6245648368591422,0.55834855045404,-0.24694319982876914,-0.11648348200813251,-0.14852544127048847,-1.2445132306166002,-0.9639209384726787,0.003604088163853085,-0.3867670684017892
-1.1904133143012656,-0.07453485002910668,0.931809802852183,-1.1215126677076757,0.12339242504871081,1.0901224575690707,-1.2947988049996202,-1.7046851093884507,-1.1482783932126595,-1.2700645466555185,0.07047794341128821,-0.5373644927054528,0.0809814725659222,-0.37390226290738754,-0.8885839770033662,-1.1782344106589406,-0.657205736210594,-0.47802657420279043
-0.8174613905110052,1.3748176015925493,-0.7366818085684826,-0.7802734907656055,-0.7152019603296044,-1.2877313929795782,0.38809398291476505,-0.3425301870068088,-0.1534248557131631,-0.35986433558286984,1.0652609577207837,-0.09522778450649493,0.6189061739165538,0.61045823232652,0.9196953632588403,-0.21695505465803552,-1.3648171278404893,-1.3930088852984772
-1.1178982593182436,-0.9083969086878049,-0.9407775883292046,-2.2043843716841085,-1.3537986944993594,-1.5463567632942365,-1.1873745765586237,-2.407754197361728,-2.0939571802630796,-2.2543933967170195,0.04998964193087222,-0.9496205140110303,-0.08288425535022195,-0.35341127217253976,-1.168817186157696,-2.0573521948927507,-1.8032053937648593,-1.738521538848839
-1.2650585457478387,1.2218506743830133,1.380436591267709,-1.2194135688937195,0.5582318000374179,0.8962362937124911,-1.4141682055370721,-0.6878220604434764,0.007770064821071593,-0.9172680646652555,-0.10339026823110069,-0.15313993764675304,-0.0643198399466673,-0.3153730147591953,-0.41939950301438433,-0.694494528568584,-0.5935170279929918,-0.2351962143683205
-0.6958773946242027,0.07877297405993153,-0.23087905350163496,-0.2185491191651836,0.21463132493446668,-0.6797757760858957,0.6308780892908128,-0.14359841567250328,-0.14689733350608677,-0.7967366839263608,1.0246676204664573,0.1952502386081858,0.44086316411567983,0.364413369819829,0.06505163010640018,-0.2659607620996491,-0.3162151058356934,-0.5850397711765346
-0.011051122428128196,-0.7454256219990965,0.10005999566462863,1.7037065510126779,0.6786906515771258,0.9823604311163912,1.2709634490668658,1.1573078685066964,-0.30119166531989283,-0.20354863285517702,0.9377489095283758,0.977286796300853,0.1743869528658972,0.31983457070803817,-0.6743429576339776,0.3569268094347101,1.302427715218815,0.8700859659096397
-0.11436173028552915,-0.1145877806989972,0.23433135283719067,1.7617760795765918,0.8293842230764985,1.2194919672934479,1.3872766365499134,1.4187621371550698,0.24708166289254432,0.6305064676031628,0.8249135078581359,1.1879435844163342,0.4634937154446755,0.6172701881955254,0.3840036676143225,1.0341528713599408,1.4113660543681403,1.3441065242215111
-0.9623689466176412,2.1514996843898264,1.0350188503568951,0.29790743125087626,1.1193441727015714,0.5892366615366823,-0.025661243233878094,1.5823788392269194,0.36472242361524176,0.2517975927150987,0.6450128766750647,0.502399234274903,0.7091604802386708,0.6838377310422219,0.847387900767595,1.428212470745997,0.32725681275099355,0.3500779803664221
-1.0709002266189165,0.8606687611669918,1.4903677125101373,0.41295746136802114,0.5236141265432845,1.4806689810938523,-0.6297845510652248,0.9698425970279881,-0.3417030758161203,-0.3952305614059408,0.1351472012280447,0.49765627709269517,0.15484535607853478,0.09486213680307293,-0.11554313566097867,0.33913864606794814,0.35781985667952054,0.44017531307507046
0.5434337118483512,-0.006803740258237149,-0.9901205143869115,-0.8232387632885861,-1.4995097045722423,-1.4683410941933333,0.1612845712872378,-0.536378866048333,0.3757133455697437,-0.09151823019807898,-1.0054494470800024,-1.1428266309047157,0.08248918153685339,0.1514200025358196,0.795735239118425,-0.316718663736008,-1.2967031473523953,-1.159096143655898
0.9654801278306,-0.9888528754407114,-0.3015759307978657,0.7923091404051474,-0.12499152996814208,0.1833570908408276,-0.20514643320723208,-0.04104101900993497,-0.41899769667089276,-0.041176201476645045,-1.1444870179636544,-0.5394908770523813,-0.22645878209046758,-0.3047514136788632,-1.184113612874405,-0.3381577026683809,1.0403103737834025,1.2321636752465255
0.053097239336081806,-0.47438273503097067,-0.8380925933349862,0.37807840990109653,-0.524304108704453,-1.0665393449694505,1.3257522054755602,-0.12095898059643448,-1.0285157005788728,-1.027953519876989,-0.027712539498789036,-0.18219764466277916,0.14689371145126856,0.20626100285468288,-0.06436661064464216,-0.7032616546421382,-1.0709978956465263,-1.0789381969187477
-0.7338320928252647,0.34401067610562114,0.704512410722346,1.0912848277383205,1.8241249319610076,1.0700400785394397,0.5635827807287961,1.0701066429662458,0.6490912350811717,0.5809370642624021,0.9858146614565807,1.3294038801449708,0.5459494638030752,0.4584680908979138,0.28810688202222307,0.742972627545004,0.5366423716836815,0.4169306180290236
-0.37549070566630444,0.5070026416066771,-0.6160568354866285,0.9730613550376455,-0.42274210983760374,-0.7594458079840845,1.9460826526966912,0.9504751460204104,-0.020881327393366494,-0.04619208081823902,1.8164306067058955,0.7001914750845255,0.8948294840857381,0.9490191877349956,1.1018692993320371,0.33484635517734235,-0.8907248279197707,-0.8163985610163437
-1.2245231674377643,1.5212924636419443,2.314861412291263,-0.6614834759404784,1.636541407822748,1.8802254521136752,-1.5789211301491406,-1.0251580082991925,-0.49424788571679507,-0.4842242019781069,0.2631049935992688,0.7495018462629226,0.11324224705925394,-0.004713790064572826,0.13930661509196057,0.6686226176130923,0.6483344166764619,0.5033544740689246
-0.8807915870515298,1.675983653279741,0.19017356896750953,-0.06638572132773783,-0.5361925255361591,-0.2291795823506238,0.22123711683429845,0.4291708697740285,0.42106561896740835,-0.01546586166334552,0.9528051599082135,0.4084312652686939,0.3712401917660124,0.7115458946987114,0.8008973743752967,0.516131868644383,-0.1202163737267747,-0.377390810360204
2.0171251101214214,0.15413002741023493,-0.5199396789231092,-0.12439444837306882,-0.3213302769668371,0.31297521684912954,-1.311104213983826,0.2559367092722305,2.9002400407603384,2.7384557434777044,-0.7918955430648026,-5.059850849130093,-0.53178592060315,-0.5042039371393487,1.995285897866308,-1.9344701662542374,1.1838740097344975,-1.4110781112588047
-1.2960161708924647,2.668294570760914,0.44227402110987557,-1.4589179818606886,-0.6163998459335861,-0.4856018443924307,-1.3276082073586917,-1.2664718565601365,-0.6985600416486297,-0.8303891898076061,0.04540636475412852,-0.20890133109966408,0.14085225156542447,0.06501624066798056,0.02840702536650869,-0.3032393941535846,-0.856963246663545,-0.6662549610609995
-1.12291825778283,0.1889786091705307,1.8595179438558325,0.05613295302092723,1.3181564882266414,1.003659033462546,-0.9105556583699729,-0.6333764765975707,-0.35621809256145054,-0.8967741824934046,0.2623042546709945,-0.14616007917839596,0.11605212264962497,-0.03430575549729458,-0.57196146869428,-0.11660168963264762,0.6860082419765995,0.28908198289858106
0.47921190260675833,0.26371823058615124,-0.05199237783479946,1.5698682827901163,0.59043731935182,0.6611041696815309,0.15859212645524426,1.3930409254917402,1.4967513163733897,1.4382523643591745,-0.6606452031529082,0.7651945184631785,0.12883417802262054,0.2767306737104988,1.1705624646750272,1.688019220752875,1.6821385122564156,1.6600725451129852
-1.25945112029782,2.2389874068691666,3.0989445302444927,-0.7607389012974484,1.376491769768067,2.1477862472222293,-0.6475575430736873,0.5416259169857046,-0.7536787932341283,0.3081223541295765,0.35195439998919276,0.79382504589397,0.137704403226545,0.2714511599168697,-0.24734864890570438,1.0537205502188214,1.5148337274721044,0.9127397036089305
1.2597022976634629,-0.5598015677917973,-0.5450854346353753,-0.3939712749820445,-0.490980918886102,-0.2858161641098506,-0.6027980231470714,-0.31779576333563087,-0.051116634700752374,-0.0837202013827233,-1.3338247756366728,-0.3584291882862466,-0.31884775414056454,-0.23790021449499998,-0.10006983117188993,0.05929886188756998,0.4580345284510491,0.7310654380609396
-0.6440549905106321,0.7193371270584034,-0.14722875974150973,0.9532829826195066,0.10560831337089535,-0.2718543404213234,1.1023073160168,0.6707530501378905,0.2308636298553375,0.02300617343250096,1.2703399729007345,0.8483869184469984,0.6932775304625646,0.6346960133495622,0.9313995995908011,0.289145901104057,-0.28504146241870015,-0.19858709982342504
0.35556315240852454,-1.40814244228023,-0.4781695326732597,-0.037418552650351274,-0.7345114556582555,-0.5584537639030034,0.449760804247145,-0.17955298339742792,-0.6049853952831646,-0.38441843761186345,-0.8143610739232752,-0.8002179125894232,-0.26431706774531016,-0.20730020041043964,-1.8410414558285033,-1.473365385521666,-0.12110311166697818,-0.2645617533170636
-1.066082243026725,-0.2569996428706953,0.5627247687656055,-0.8769103955916826,0.48600377753684326,-0.24355042241916167,-0.8526184001424034,-0.9862624055301468,-0.5571069279004285,-1.3948683001072368,0.2800261642115314,-0.0787086378876102,0.095994610498006,-0.22890765733917506,-0.7607362798059094,-0.7238494863746533,-0.6249506741592965,-0.581106461400695
-1.2312331004072337,0.8080563061028022,1.1396333436382986,-1.1544658609335563,0.7733167707972729,0.4329963572244718,-1.1408214520756499,-1.4946088358951515,-1.0757936990967112,-0.927847270255417,0.07759759575381149,-0.34784737343766026,-0.054360281446127666,-0.26525730824450566,-0.6834033762859288,-0.59622385404954,-0.49717231800606265,-0.7489699335410924
-0.408138140553664,1.149614388671742,0.0745135478848129,1.2595104042559775,-0.1605476332733139,-0.15081435618774844,1.7990034449573098,1.5700625177973084,1.1982990907640831,1.2056231498137957,2.058411481959895,1.6610944317884806,1.0957704445583767,1.213784896524198,1.4756148927709893,1.3317823145336865,0.2918726921771324,0.1559667167138844
1.1258158212434948,-0.9567652186530643,-0.8873865380403476,-1.1170723298548102,-1.2946035688173123,-1.1670684605742812,-0.3970519345657651,-1.4892369817736564,-1.23970660842395,-1.1831706243269884,-1.440558353984936,-1.3437919167315702,-0.4157412486090408,-0.3200359050177394,-1.1714733138468603,-1.4842705081213312,-1.0517733441371642,-1.1524153802015016
-1.1161121082437024,2.1450888560223222,1.624473831469373,-0.24506579901959338,1.5115289021370377,1.14010272895143,-0.5136370210457075,1.9217524318986343,0.4376155667862678,-0.2203540267507849,0.3486744151650457,0.6537694775090356,0.5048602134981774,0.4238607933730997,0.40176337660206946,1.0113766406422937,0.2641494960283314,0.7671220042376737
-1.2635805322300175,-0.6834471287115084,-0.7183632067819219,-2.335424613777481,-1.2911202590652382,-0.9864887082374431,-1.5823981502981974,-2.781994524234492,-2.0839410748146565,-2.095852521392169,-0.15229976759011968,-1.0879430013224436,-0.08012529215598012,-0.49519502872254756,-1.1648323854059575,-1.8850275031161559,-1.7449912747386715,-1.7312367443179444
0.154053310956569,-1.1775657831824746,-0.1294149710184031,0.877859662686198,0.39988710889122886,0.12251534032601046,0.7515568658233904,0.7045514742695256,-0.3106445017749692,-0.024186763128635352,-0.3437185065295201,1.118163808456633,-0.17758215588870813,0.021276509492163347,-1.3001232709901254,-0.4031180888853143,0.7010962444562685,0.46288232745313923
-0.8349354835918268,0.9608628256500786,-0.49678113288848175,-0.669964196743578,-0.6588423298662639,-1.0596737949185475,0.21629218291381672,-0.5153929000498445,-0.40482181012435253,-0.5938689802462471,0.8237454751763195,0.009945640997510958,0.5370014747449949,0.45405781571625947,0.5589351607325633,-0.21519278501533803,-1.0902289136984367,-1.3003893727134355
-0.9642574276071639,-1.0457201381164474,-0.5973295761678118,-1.412350008136053,-0.7939422806322973,-1.2705992884123023,-0.4150081652219191,-1.8283401846718477,-1.3521586807937653,-1.7619114686811812,0.32223789126073193,-0.6453892308565974,-0.045185083799028684,-0.2398074659077275,-1.1603388165158914,-1.7164335518188836,-1.3046177751430252,-1.4624844568761226
-0.17477296662501346,0.7691864149870523,-0.031798277495177794,1.3589660000650992,0.41952956536074976,0.21689035808735863,1.5813083278658258,1.6238427472853376,1.1471862613745982,1.1504782738822492,1.10746921832865,1.2469962129196173,0.8159941251727749,0.9959409831238917,1.3852368408018927,1.2352474380950484,0.5691707838983263,0.4683228763032935
-1.0000682691749871,1.1050721779193318,0.798270191079208,0.8606391389143067,0.8239962799510552,0.8142925222858192,-0.23628099717254328,-0.0035336541194798286,-0.42659163785642157,-0.18838508092005163,0.5880675777975819,0.2264221626412894,0.28946052790123744,0.19368032243405273,0.062136283363794106,0.19473720761836255,0.47028580418422755,0.06390855219106084
-1.3050004086795874,0.4188713694218502,3.793123449845417,0.010111781248461394,2.106109759147036,2.101978862810649,-1.0938782416820012,-0.5252853424635795,-0.40150368400342884,-0.4843985703686843,-0.20364343377909694,0.9212549041213911,0.06972745477760679,-0.026945027540113093,-0.8122438051377919,0.5265313301856296,0.7749626824757857,0.8490883136375424
-0.5355417261637379,-0.050839721543407324,-0.8129905156159285,0.2482294570427619,-0.8435032054873285,-1.2080386948284825,1.23790723119158,0.22090239961588043,-0.8245195197827123,-1.1298038879903436,1.4353810873381418,0.40454518752000845,0.4617867087439925,0.4899832205399747,0.20681447972943623,-0.6190008176203459,-1.0630734989913058,-1.30245949454302
-0.9320114024594558,-0.22724796244106266,1.2752560356427511,1.010127929070469,0.03044672366050893,1.1246302677865023,-0.46421156861734714,0.34560656816167495,0.17731523361225046,0.3381882629658546,0.17686846435383688,1.245043404355647,0.1660804946739164,0.11917554092420442,-0.7584433208322253,-0.1340832786619624,0.6967567614915455,0.73157443625878
-0.6637202250793353,1.2811395415196931,-0.39317707896205784,0.12977349775904387,-0.06859788966488342,-0.8523389150003461,1.0046290344043558,0.7003121888294243,0.4570465476566502,0.3032724219831001,1.1636986651310304,0.47131777952876563,0.8268668875095776,0.9471237317072005,1.1822307964967462,0.5510456597752754,-0.7812844800530168,-0.8797114709016944
1.7894251982562233,-0.107288062029225,-0.171636354588286,0.4781206098236904,0.2856752412843037,1.3629142991167877,-1.108201894056231,0.5085637072300929,1.9037456409353968,2.2132226866500817,-0.8358570560628704,1.097311978010251,-8.883371594026476,-0.27053126906661834,1.2004721313710287,-1.7845924084445361,2.260922210686428,2.8774420918491503
-1.2689016878090618,1.588307877955062,-0.6210425908329649,-2.083560181847458,-1.0667262213831479,-0.989313318017765,-1.269187944224037,-2.264896948493628,-1.252209073543707,-1.7540270471216635,0.08008735257011819,-0.8997561374398344,0.0831494695211391,-0.30813523023006706,-0.29072287431270016,-1.1545403349140069,-1.363433173494643,-1.4032611182887873
0.6204778574283982,-0.24924310554169063,-0.19042679547270844,1.1948513705151524,0.06928347868755072,0.6343196483778616,0.1509901706077461,0.82791669827222,0.35117755731983247,0.5514511667910512,-0.9250821627125714,-0.06872595961935501,0.10825429191642852,0.11361479155483868,0.4042064837875199,0.6640664405027812,0.7436144806644625,1.255262610896363
-0.39708092039135295,-0.531643972162789,0.45096092337657784,1.5507744557176004,0.818633328881241,0.7451989975070338,1.2504074608759577,0.9372536515714579,0.1315448407658754,0.5481421546090803,1.578985635926887,1.3817638862143382,0.11222352497131127,0.5796278767148424,-0.35384577787822724,0.3991288957191379,1.240212369585359,0.9971212803467023
0.024601339829071808,0.4601128471420674,0.1997145136246495,1.570148664163306,0.20649038238145334,1.670810119306085,0.8472598347188494,1.72802921911912,1.4476068711391235,1.589333469918841,0.601261818546132,1.1745409674441873,0.5094995169376405,0.9128935141570126,1.2326533500413275,1.8615046450640977,0.8299411962007684,0.9335554497416555
-0.8267019802056633,1.4125422370257732,1.0295499124236906,1.170254606491489,0.8940940921829381,1.044851957782741,0.3433504549056531,1.7215656057126463,1.2337233700842052,0.61922954817176,1.063564097786252,0.7367306871765281,0.7644200375221236,0.6979310904711271,0.6550591640866256,0.876198745616946,1.5460918234084406,0.872555787072454
-0.758238189263475,-1.3542324015323284,-0.35851950188856907,-0.731886174360868,-0.7513736342376846,-1.0405470161494874,0.39367313670333753,0.15396647691579174,-0.8473312021946073,-0.9788283501696081,0.8230348633923363,-0.33380939136721033,-0.12170731946082494,-0.2175150674311103,-1.356520570801436,-1.6334118757285596,-0.7968274889395826,-0.9048577215941153
-1.0931831519882673,0.6533130082077543,-0.26914513205127016,-1.7701709462150492,-0.8414675612374479,-0.8164431540127994,-0.8641129322451334,-1.7744083685055385,-1.1927927066629562,-1.4019983485986645,0.18555163654127668,-0.5436418735274002,0.17951955190405863,-0.09674121194196332,-0.4433149006950875,-1.1385792633940555,-1.1754233046299951,-1.3295677635452656
-0.09775702976695788,-1.4843935654269926,0.10552893359783293,1.2139547343560388,0.4163363358071791,0.9530823526374006,1.0222773619361962,1.212475598551078,-0.12871925870276976,-0.08497750263565815,0.48680677312289194,0.43879142371383,-0.2919362989189414,0.04180663388723553,-1.7956725827653184,-0.4077747739503539,0.6848765774767576,0.5725133935325323
-0.6649913018579657,-0.33322570079036995,-0.949888898340227,-0.755233629896433,-1.3153536293016457,-1.519321242024724,0.7889367417564317,-0.9901715117742584,-1.6265205438845272,-1.6985738693252876,0.9581580533819909,-0.36650044007653587,0.17587233289049317,0.27072054734984247,-0.2628151679124714,-1.0986526991550314,-1.5369523064781772,-1.6040080792160625
-1.0087110922210771,-0.4889216927190604,1.5897802499393565,0.053923711578414676,2.4724409434763395,3.217435441720984,-0.15913734077137312,-0.9611966008192687,0.14941741565510705,-0.4476261639449424,0.29632285752756493,0.4749661883016894,-0.03881067462773469,-0.14406494612502477,-0.8792363187920054,-0.2596675798188903,0.7472485038512627,0.8455923611636078
-1.2808353776665509,3.3215482984969653,4.133121720722082,-0.1399883641050655,2.964294066593553,1.3971304712820933,-0.47742360854165095,1.146872317675678,1.9207754553846927,0.6829051680249509,0.2806795967018197,1.2545672738031384,0.40441873775180015,0.6932039417033736,0.25508924827901236,1.2793937620656346,2.0124585942376907,1.2500927571384193
-0.9400668453059194,1.9493574986649116,-0.6874834702916034,-1.0723849004180603,-1.136558589056134,-1.2252860587494774,0.043457007984426095,-0.7718123768394882,-0.034944049413859056,-0.25138917903069247,0.7082039256007318,-0.2369323150790989,0.5368730754969664,0.599692385716058,0.9378548429882453,0.0011955110655379624,-1.2385624770824544,-0.9001309287880341
-0.8665530318878787,-0.5644903416250674,0.33120301128498275,0.406136196681702,1.3487208047319994,0.21695033827601423,-0.45990645993664114,-0.27906315558038847,-0.2301651623258076,-0.3308350995063755,0.7399791888363003,0.6795370960405004,-0.010156083609416684,0.09311702836045276,-0.8921862236619655,-0.841701511152979,0.011816561203423621,-0.2820458949355553
-0.29520500239537595,-1.0585438265056046,-0.24322964554271348,1.298195084512935,0.172818339029992,0.2633156317153798,1.5569750536341478,0.7244156507483669,-0.5171074849121522,-0.2587713027384298,1.9235464774402518,0.5652639050405982,0.12245100888893434,0.16715785373496386,-0.769851057989447,-0.767994600064148,0.08113859702956308,0.03502690513598597
-1.2881782134249282,1.0694983005234868,0.0804103966986485,-1.9754926005063018,-0.5598461005159033,-0.22505632075225496,-1.4395259677478587,-2.2550647780238364,-1.463277693465002,-1.339732868767958,-0.07537646822197357,-0.8639795426529726,0.02864302823063734,-0.31040313064219943,-0.5138868119131155,-1.0815474347648213,-1.2418676866887346,-1.1471300543291303
1.9367323858786916,-0.8673720052998435,-0.3101580170019355,0.2693488766054026,0.07377172774467386,1.1066853741969291,-1.0255639795516491,-0.205881976098022,0.3830912814390765,0.4064105506984408,-1.1183156490623671,0.19302265103877667,-0.43697557713323243,-0.25610974219485744,-0.8555911803232473,0.8840605909851091,2.076860358281695,2.259380529131329
-1.1669746672366688,2.3655390116143726,0.5937189827460805,-0.5388339696723637,-0.2847619558031683,0.012956729007206246,-0.5173332622393944,-0.5463461058837142,-0.43903344834930874,-0.7334003036427137,0.3192923906317859,0.06650317622411758,0.35298626106514586,0.1830216506775347,0.26300482560176724,0.2451672433463062,-0.28885089143734266,-0.4587312290955218
-1.2028877139573242,-0.7401989591627308,1.9385355066609415,-0.39038874402730694,0.4167202450045433,0.8688920102776646,-1.295157775155573,-1.0519399214287874,-0.41509778985189155,-0.5602000902912426,0.33844638723093384,-0.2564632351306058,0.022389746296894435,-0.21839199971756387,-1.0628547462278366,-0.896359896532152,-0.044745010601371975,-0.07685579870335774
-1.04776845701333,1.3267256308603836,-0.03769515411168234,-1.1651418738452555,-0.670738435142232,-0.12165664400110136,-0.4417036291640222,-0.9925109407189345,-0.42874518329234657,-0.7835387529753435,0.3687429304956803,0.03455086694297376,0.3285351678805122,0.06237764154703704,0.08264556530941712,-0.28201374153805087,-0.7831910087398908,-0.926922028945146
1.3923170641368914,-0.15440297356461954,-0.28841390395679667,-0.20134162867539546,-0.04794014194680475,0.6137032830405142,-0.7375066733536036,0.6697897750256129,1.4011258369191644,1.5232999174613269,-1.1083862968841525,0.5194965836239016,-0.1908263178961744,-0.18169303509997511,0.9849890328227884,1.8027529371900646,1.645718654902939,1.8400801966375406
-0.9857941443225269,0.035557413884440656,0.46958809308651467,-0.590777465231335,0.410058462687223,0.8150543140958812,-0.5322693898128398,-1.1981840234321153,-0.89052569348315,-0.41524272955872493,0.2266601930881635,-0.058456055654915504,0.17176489970833597,-0.07099389911853213,-0.417625765030453,-0.4892771260780467,-0.43963695794358104,-0.5247172686346233
-1.2746604247939377,-1.336633219498839,2.965181954966403,-0.629721847068031,3.644301575292014,2.61504460722536,-0.8168498434665804,-0.7941487103966008,0.6921363917485288,0.11633152133934384,-0.11223192512332249,0.2126989098999453,-0.017476963128928123,-0.35759728105408467,-1.3768776461036154,-1.0955152977037197,0.29405019663587884,0.6433327088522368
-0.7319462037693969,-0.478174614334182,-0.21673532831480288,-0.007316747786633543,0.2466567033506467,-0.8010444506911529,0.08632630921584505,-0.5158175980251118,-0.7201513231809152,-1.115529286043018,0.9467073589993193,-0.03359866696114529,0.07325347342891964,0.18800025328079847,-0.47301052265213606,-0.819858939006597,-0.5497735358951327,-0.6509378205879358
0.050997308336611494,0.3453950011826042,0.05772282092847221,1.156140376222753,0.9068097676518461,0.9061781508792598,0.9911225263567323,1.5044427363389243,0.9098071033643309,1.4960736176754292,0.11433949448890808,1.3490222270991499,0.6034131166489801,0.5665195793843016,1.1062061753520243,1.2949024680982981,0.9710502270313942,1.008264326439964
-1.160527711044871,0.5109129149434622,-0.8984484068604239,-2.066000628490928,-1.3215153217548805,-1.4573478623661373,-1.2100819426356344,-2.4817370595358526,-1.6511477070796292,-1.893680215817242,-0.28728779810901195,-0.8693470345520975,0.011536341996277238,-0.2730631671619657,-0.5053214217413807,-1.4987242539135286,-1.7907457204034911,-1.7746323337825174
-0.37114528678665093,-1.2982208030463118,0.3011704151724894,1.1730240643922778,1.4790649255561668,0.5820797103136621,1.7204227598314457,1.1963960691868198,-0.14580847141271286,0.3782400468283235,1.1275734271193962,1.4539139051370005,-0.019384918833948,0.05395344845587614,-1.3402323585896079,-0.5459667214574775,0.7814662235623382,0.593951473663777
-1.128180079602648,-0.3029071447932688,0.9750535809247732,-0.7984890816621627,0.4276209337562752,0.43108314061479786,-1.2264624825926096,-1.1054220199148723,-0.8451155782009967,-1.3046801480245314,0.011726818569020336,-0.19904545763024728,-0.01796138428370441,-0.33291266445044826,-0.8070292778898039,-0.7683249686565417,-0.053089313489892036,-0.4315823127640479
-1.2948359490301198,1.8480455691136652,-0.5373867921443514,-2.0394976122937587,-1.0415521681607114,-0.7913981048809637,-1.3967449599729376,-2.2403251076700634,-1.3569072864479041,-1.7769608334997649,-0.12545392727405932,-0.9237094611926316,0.05712614987097603,-0.24884824548413068,-0.38798293148643004,-1.01035409137771,-1.3228347632853428,-1.247432882366794
0.9034256585778269,0.4253243044335311,-0.2583251464526538,0.16206267320766962,0.23073318005788632,0.5797810706012428,-0.47349422202082675,1.1369124291220178,2.325585738834944,2.1228390232819883,-0.8331234689887045,-0.1965628096309374,-0.01567923351445419,0.05054868952464486,1.8057517543122297,1.8949000901057902,1.1659014382140744,0.7698279194725198
-0.96610210148696,1.5663828587436546,-0.7788767239973511,-1.3214572053788671,-1.2956939739884803,-1.2561159671115627,-0.19639894238668926,-1.0094214647695565,-0.3853189666010907,-0.6897388250224707,0.42854658795406353,-0.4542880863076292,0.39892077203777254,0.3446506884758473,0.49267451489768815,-0.45387731694946465,-1.6001615844800003,-1.355667804843388
-1.254901341017362,2.7332792659757525,4.049430418024985,-0.3429947830387967,1.8391047571734265,2.971941238106219,-0.9318080500233382,2.5931674583277724,2.4323289286564567,1.0212644148702814,0.2544497453223371,0.8533030792964409,0.36751190418415014,0.4600105816671582,0.5826667069490431,1.5450913413642773,1.5315605479536143,1.8510818770385946
0.47486970259056044,-0.5586174120517632,-0.9768772620479695,-0.6490661517332533,-1.4540263751026314,-1.5246167787327543,0.3167144871433251,-0.8244964001131668,-0.8651066598812726,-1.1899404603252002,-0.98891046420559,-1.2733862598783223,-0.06069756187345488,0.027748093710607147,-0.25556707085329333,-1.0140106495107244,-1.4559031338539024,-1.2670145665775872
-1.0350034831921409,-1.2619927281190206,1.4480307462939994,0.5130874913005662,2.3458979619716103,1.2210792512037134,-0.5719565232725298,0.32439181422786284,-1.4004695043118032,-0.6872133123680203,0.22827589672221074,0.2599322217786855,9.102380559214411e-05,-0.19907552929772993,-1.287604009842397,-0.7379823039087656,0.20614580915553884,0.20947669264874547
-0.07171955281965711,-0.26604484129181416,0.24756780742352963,1.4285270763768403,0.9949988252240103,0.8885851863817358,1.2018955787253158,0.9876023343505927,0.12025298521288005,0.40804499527934707,0.991762694778788,2.059680591360766,0.5722164531698767,0.46130718734584086,0.31087198360763185,0.6581857402809235,1.0040181240921864,1.0650753369795767
-1.0672497079592882,0.23416282263394353,-0.4108786213592063,-1.6820103032052953,-0.8417008440673526,-1.038532661204353,-0.9204648923404931,-1.513942780855373,-0.7127610632662241,-1.5522114708698933,0.1578064536609319,-0.5534580846983063,0.06929828083514303,-0.16677428448607656,-0.5104895254928999,-1.2048192919678076,-1.3253013439504766,-1.4115299493949194
-1.2292319935063456,-0.9999730340650291,2.029555926573612,-1.0274251112252812,0.7171226874883235,1.1690424413920693,-1.25376605238405,-0.30189304157896896,-0.590275934499043,-0.5563233998814386,0.13112142651044437,0.3477603189175613,-0.030853659191893045,-0.29531161402086914,-1.1938066597137338,-1.0554493264760123,-0.12273914069161805,-0.03802379369193131
-1.1929596068428348,1.1407323883776166,0.7360068016711971,-1.1463141766348577,0.6428730277166019,0.7417993789047185,-1.2717137216732541,-1.2196287834597812,-0.6004154352182751,-1.3063431644956112,0.019874736675546165,-0.25968850718115655,0.16610186129204563,-0.01026464993341187,-0.47171236296280794,-0.6719822737847222,-0.41246713776496663,-0.6649147298791453
1.482114817706313,0.02918400711769061,-0.9363864069636186,-0.9796127687395305,-1.3435170783746053,-1.1851207592417299,-0.8670422507991546,-0.5326324312035853,1.682597905053027,1.3237287857304705,-1.1106248925326292,-1.3165567056218381,-0.4748778014924457,-0.38365813969036155,1.4746743890763512,0.6454645308387065,-0.9237001752176695,-0.5852775197280752
1.9108496327110354,-0.9631193907953555,-0.22603252002098356,-0.16378570199318118,0.5536282727374507,1.413798449616066,-1.111915472805275,-0.3124285572030165,-0.2053105553493335,0.5595526801303948,-1.0851569023182486,0.9756687710900213,-0.4920792202824618,-0.27742096042858966,-1.0647477045874005,0.2973637027871472,2.718593584768051,3.279144848140032
-0.2692178420229497,-0.6821047878898979,-0.3339611401177499,1.1745492327660805,-0.002137894994648647,-0.1468112004813244,2.1160961000713203,0.6474208071701251,-0.9376900671877542,-0.7812278993548949,1.6675193244911513,0.786666354540828,0.05727153643759403,0.32823739442232736,-0.2934542700840605,-0.5134353207816833,-0.21093204352240266,-0.39109305267173505
-0.8401081628558604,-1.1736160321130258,0.41534822035835023,-0.10850887998948015,0.709232263482666,0.11263172189144367,0.08963170773861676,-0.3896903157847573,0.1843317027098953,-0.45329627291196545,0.560615842438216,0.3328369679494016,-0.08953546458820359,-0.14933789607586356,-1.21412852771461,-0.6011341181389657,0.030610963874959353,-0.19305501344191747
-0.9598099720035801,0.7627116556038169,0.3853761854098963,-1.0346769186333582,0.3135942393136721,0.5110525718871795,-0.2761651357514684,0.026247140890337625,0.29865528358254323,-0.40393315115053097,0.4280434486108821,0.1215778439215351,0.30392704894472655,0.21617595896340852,-0.057496212229247015,-0.07020714212243546,-0.3730452035403311,-0.11869951551572336
0.24928767499813845,-0.059921891174481025,-0.2937684686598539,1.4638791572672707,0.03693237827712907,0.4748118612797665,0.6457581524168083,0.7238159781971673,0.3715849928615149,0.6323549260000615,-0.44607314707064294,0.30055149156677585,0.297823806809379,0.32292400914082003,0.5971604609493563,0.7109976170380251,0.3900497716658202,0.41866096591102625
-0.5377440307449418,-0.8738258068242577,0.1337316970413173,1.1314262641637145,-0.054990404263473056,0.5296798828649967,1.3180690874502645,0.8343024334904741,-0.34651149241665236,-0.06847517691415834,1.3207165033882773,0.7311260083932233,0.058101335881255656,0.13738294323902808,-0.7471275550927409,-0.299627333473625,-0.1393599565624625,0.15384492745242484
-1.0966244632375848,0.6068841495617485,1.7760482284317283,-0.25632385364767846,1.2720229827510008,1.763717820449727,-0.8014326800767426,0.15868373839001598,-0.6450649184821556,-0.3232323344561922,0.17200652280442666,0.242055162208145,0.1484385809733061,0.05835619424175808,-0.5253769520815895,-0.03523745869834003,0.2571569284767221,0.35305210865894304
-1.269979511137243,3.3942429792352664,0.29254759805813907,-1.320400829793259,-0.6062142678495877,-0.28239933855400334,-0.9506585878325544,-0.6140414792020827,-0.07467602422270063,-0.6149786564005355,0.2323616677044989,-0.2751955613182534,0.39864034021958555,0.3011863370464544,0.3052636761108743,0.18362942309626784,-0.10541123085032801,-0.41526100072843847
-1.181915162324628,-0.5252898391849151,-0.09755384896234896,-1.774723346483106,-0.586524058077096,-0.5811068660130565,-1.2567174080195493,-1.6736897234397543,-1.4781866398619876,-1.6508731884790389,-0.040651919189578986,-0.6058851911912538,-0.07784711753442247,-0.30690605940673965,-0.9757474828757502,-1.4389875983428433,-1.2898317071276277,-1.2371742893357223
-0.4015283884711518,0.28805339866643465,-0.5323511310069204,0.9384744113186908,-0.5972525813341003,-0.8284445021536018,1.87299477516143,0.680506965372978,-0.10050672728489872,-0.45766943831937346,1.7224154941713565,0.9306793548811542,0.7510009882925069,0.8602102310986532,0.8369205375769991,0.25535158132708297,-0.8723190927792868,-0.7833191685491536
-1.2509187491826412,1.9028648607652918,2.165118974902106,-0.7490415701740485,0.17016613105872888,1.3179372410665693,-0.8833415083917997,-0.27569753876675923,-0.12396871094663689,-0.8346758032509114,0.08489208711346762,0.274599148646303,0.04982773533819257,0.27703713871937413,-0.2822250978349755,-0.06032909337773681,0.28101824332639513,0.2121911176592288
-0.7602264643772917,0.4536364820177218,0.6132560017540726,1.5284972307050009,1.5664037696118926,0.4264693868758888,0.09597832282086337,1.2854403319763417,-0.14517652617602494,-0.17917353350849208,1.2632485626813865,0.6471944802611471,0.4567264364744629,0.34164107516276304,0.5553908269850766,0.561760546426649,0.5797379164018137,0.4616320982427045
-0.09904248850236666,0.6520906671608281,-0.7848304570722333,1.0863006217023,-0.6345834302892657,-0.8700007479015054,1.7202629655879218,1.1322277459970993,0.8826279877808153,0.4929707590011156,0.684196261335114,0.5213396858825462,0.8354962690491634,0.8313820108908643,1.3823900570867025,0.3335052217053366,-0.9913776594499636,-1.1940343684997596
-1.1716199488234795,-0.15252974927506247,2.7933147790410047,0.234443781820719,1.7406724577730874,1.4055545227552788,-0.9698103294616328,0.04577048413103325,0.011771500164101296,-0.21361771496500723,0.2934556726721561,0.5690388836371842,0.0780583252339003,0.08189767973712343,-0.9351164350253065,-0.018757332265482537,1.417123982785383,0.5379183493528958
-1.0921181230185126,-1.4804453417698193,0.653917982266939,0.4236454297851732,-0.06022520887210083,0.05182633442556517,-0.7527689220953618,-1.3595780977482317,-0.48888708469855957,-0.7649833955382384,0.10171283723395143,-0.47359385628902256,-0.18709154135006656,-0.22065284923245715,-1.5161889052436677,-1.426976034083885,-0.672581265699608,-0.43108719369061593
0.32916857499895064,-0.33188363411968064,-0.5618244972817992,0.817076351422982,-0.6525628144472796,-0.5612659255980946,0.5017315536136895,0.01365172725231543,-0.10272207828608843,-0.2792733478981552,-0.6549334798225406,-0.6217506749357825,0.15239724761511744,0.20721021234242382,0.16205964023084377,-0.13018227699805754,-0.22281176967566524,-0.09395505578138974
-1.2854872061471543,1.184502643986788,3.248663919220938,0.43432415570144756,2.350141089411014,2.320284931381408,-1.5211892479954912,-0.7468040366208079,-0.8441919784136163,-0.09644858991035841,-0.16559784317494086,0.370359332150718,0.11628399108700836,0.025128362418571595,-0.4780136104899672,0.10092417588244365,0.6994123036385307,0.8795731366017577
0.5056068792552104,0.5443465744257397,-0.14346953999599155,0.6213007078543129,-0.11556703624446081,0.15396878944600548,-0.0697255642603862,1.2369873976882093,1.9470138841868028,2.136973700418258,-0.6096029527665033,0.7233650906146369,0.2323261463392921,0.45889134018625993,1.7594820584789468,1.552929203801198,1.4777729865065636,1.1545742213717891
-0.5291139833429559,1.448944554445744,0.5083564963607161,1.2878379422304589,0.6591405046869261,0.46377614667818723,1.4242023338284608,1.8393837553101955,1.1359222225396057,1.395591361508728,1.3942471318189222,1.113771420728904,1.014863337158203,1.190338994141452,1.4524416279456598,1.6138280202092554,0.6430238541232209,0.57905966527041
-0.8612783782809893,-0.0727650442790488,-0.6460467266993333,-1.319471112548402,-1.092425183128765,-1.1849367573548446,-0.21706946301563151,-1.4601929549597126,-1.3635135800732365,-1.423372830794806,0.47928657680005365,-0.5285686216848833,0.1645583570948874,0.12451152679092593,-0.3232373305788197,-0.9114601086417262,-1.2675054083578132,-1.3456129365551166
0.1276068449690375,-0.5735346392645878,0.019700488379128644,1.4909920499714926,0.4753799915590428,2.536105564426249,1.1540872823983817,0.92590494837831,0.03332135685471718,0.238396692199333,0.24087301069472497,0.8555606733157306,0.19478906286376735,0.21322262433974504,-0.1901804162305224,0.29640977323825446,0.9960435874375252,0.9970094110862517
-1.2895660956469308,-1.0650609226239685,-0.8608513439381438,-2.72175766306077,-1.6464681363348148,-1.4970637131278837,-1.5890921417740715,-2.7890970174811534,-2.015888021539114,-2.1540253379984535,-0.1637217264703271,-1.1804239011749107,-0.1803418191917293,-0.5721985325044892,-1.3368580129459657,-2.1229541139590347,-1.9065729226832042,-1.8596152775139512
-1.1424569616986113,1.373378666631158,1.5337085010460012,0.48715016839050124,0.7653822916021275,1.2378046218998795,-0.6907772339186964,-0.20527493035251626,0.2907438275938021,-0.4317588081412926,-0.04759840015485066,0.3637058899950898,0.33672564372114416,0.11349199724813368,-0.08005777156053887,0.5050686373009309,0.06033131904840179,0.1708057615466268
1.1517001713666641,-0.8661875754088879,-0.7382945162928954,-0.7542518979129731,-0.9617519944336023,-0.8421044895151047,-0.43869515211953153,-1.0128435536998457,-0.9354695132644467,-1.1502171047673162,-1.3800841661853427,-1.1037553019490927,-0.3901302089967757,-0.308362728825793,-0.882254031546541,-1.066837789142488,-0.4507525113596595,-0.5437405084816168
-0.905667316291766,1.0325697699923357,1.4245563549873503,0.11070911679403074,2.524500620385537,0.9427056223794852,-0.47572841261485016,1.015371054581873,0.6991370295878794,-0.021387819722604944,0.806118656463527,1.3998100728835097,0.4806000109386835,0.47318709930820135,0.5099473104924614,1.2707194749490545,0.9393049517525716,0.958595019422585
0.39816038119100167,-0.16332723226503854,-0.8222168383184884,-0.27087479354943483,-1.182367898961861,-1.1213010671363577,0.49316709596549824,-0.21461467195917255,-0.0531604443785956,-0.30422727775028935,-0.7936643492564189,-0.8877083913723461,0.1481767235497782,0.16265110491490456,0.38985710428104403,-0.1319562062904947,-0.9343614413983794,-1.0724390336213694
-0.5619863893382094,0.8595511996230667,-0.6705655183213084,0.48948845472665753,-0.721524203747665,-1.0334232783803554,1.3536064615207009,0.5942303504970555,0.16766702227089966,-0.0906585308290072,1.4506688469439402,0.5331085748171293,1.0083099404476201,1.035355926053241,1.0244073386410824,0.3246914087368473,-1.1312834278199875,-1.1339703101342693
-1.2790154690734215,0.4719488089262846,3.9356183986555764,-0.2152650121640323,2.7978946016453956,3.3802957500563866,-1.3265774453253416,-0.5043557635042201,1.0859195627050127,-0.105912483159562,0.2498791397711357,0.581579301591805,0.271017186058739,-0.1599143818453447,-0.4858017005583909,0.04027971335376675,0.5549332312323187,0.9064089408860884
-0.2007587358994733,0.03694271807185682,-0.18086305262687932,1.248541507758693,-0.049232744669144776,-0.089313466621032,1.8061506092243291,1.2730240470090084,0.15563495256590268,0.33630639569593607,1.3425024524490548,1.1451561454191754,0.6327870113841139,0.7197823897001867,0.642882905174381,0.5434894493039935,0.030385874513060213,0.02470353462522951
-0.9901395756783953,-0.7873483060120585,-0.44801680122744103,-1.3826482207333364,-0.8002113004055825,-0.7602042444227575,-0.6158351941221046,-1.491825454391815,-1.6257435402682288,-1.6633623310786345,0.3164964599199232,-0.4934506038600705,-0.027305337616751493,-0.1945481542791776,-1.0449136159685237,-1.4830765997210504,-1.2351750078794022,-1.259504668613821
-1.098416989657963,2.5118210525506193,0.6096954459808466,-0.7989031118434321,0.04885992834567521,-0.8559806009649802,-0.3839209542033558,-0.28854789990914065,-0.07517956163705389,0.466568128215372,0.5147984437884261,0.15124005423745254,0.4742641694593173,0.3602710343177661,0.4928757337212651,0.4687833570479629,0.22310718602273763,0.015724538196969885
-1.2714639499057612,0.3403161056928063,1.9253515296125918,-0.15600666082247858,0.2549858504806234,2.1655294270797616,-1.4003685967552892,-1.1656425007526916,-1.0473567806370954,-1.1447509877702333,-0.12922888994908102,-0.4900282822237237,0.12486121795523458,-0.2246630816634816,-0.7943040360717786,-0.3111854144667985,-0.17657272459096643,0.4476400674390384
-0.6893953802684086,1.5246561828483007,-0.0793063803047659,0.5221534858485538,1.0948938119157146,-0.6636993509967248,0.9982608726374532,1.6542036767138562,0.9810623685283943,0.3974079294536196,1.2576838802320094,0.5908350460053484,0.8438712359329352,0.9551870862610571,1.3544439629775111,1.0098369749019362,-0.15134414830952073,-0.43010794829356497
-0.35744442529660625,0.6790364961355879,-0.20084020178858641,1.028982330231808,0.1617886804978925,-0.6525228831349889,1.6570695536745972,1.4007811643352677,0.6572309361317205,0.6455524261391156,1.6199399814666786,1.1938855112605493,1.005313431935207,1.0202256348161793,1.1101210176959024,0.9959212302522902,-0.15787998731362987,-0.1219978355186433
0.06427621176099005,-0.297227897950294,-0.9180837569584732,0.7056136167281788,-1.152388537468334,-1.2278998050232075,1.283318499404842,-0.03671369511569749,-0.7343680321172799,-1.043304095934128,0.20704784838029822,-0.28763535195883366,0.2945261875826894,0.27471540570786374,0.21373317831830468,-0.5529778827768016,-1.3322342817713284,-1.2698853524113205
-0.8241414086360892,0.18752963832720035,0.28880554646081075,-0.06571192515202892,1.5235603882123718,0.15937687800690623,-0.038179351504453486,-0.2462542300584528,-0.6422225342719659,-0.3599452045449859,0.5714971033705064,0.3439998170548663,0.29676118242616517,0.13814477932771563,-0.1253208546000505,-0.01959762124674639,-0.2556084251436435,0.034014034894593814
-0.9235674471605408,-0.43416701256491624,0.48276384054480104,-0.5283471958965185,0.9792728462466271,0.2696057523099316,-0.3620653125145165,-0.8989825444995811,-1.1777459748010124,-0.7211342502865943,0.37935719769011533,0.09305108271042961,0.03879629927289916,-0.08493857588585695,-0.8213357493191734,-0.7118331935387981,-0.4668363367405638,-0.11725107217640862
-1.090633759107284,2.055576729706998,1.8198221408486854,0.5372385093277966,1.1301519942783842,0.4263779831030082,-0.4303678790536047,0.8032981458423776,0.1387219808062287,0.5771082677922192,0.630051261657966,1.6110305647041252,0.42122472929283566,0.4710947338162093,0.3485948687013775,1.3232062791249222,1.1396804400313063,0.4184075184469489
-0.49528611761665137,0.5473158051430366,0.2680145506175658,1.35811517214604,1.452177912055497,0.2734048970443985,1.477866015528425,1.1669005754524684,0.7995449687724339,0.6211295917553197,1.3457023029943203,0.9292438813082421,0.8910858678789844,0.6893707413567248,0.8331361950233348,0.9141782545838624,0.7481345025644989,0.3495020168241287
0.1804425173556086,-1.2567949196671193,-0.3977308294847336,0.31242333129943844,0.20465641531669354,0.29290888535161014,0.8169091947160899,0.2985496055968154,-0.5931727982252418,-0.30679749149445024,-0.42558315117286266,-0.8128759015961037,-0.17784473500091671,-0.11145088793114193,-1.5591272240608267,-1.2358602535704164,0.08279331865033894,-0.013848608128977799
1.3564210193781534,-0.38794802624025143,-0.2752309417058702,0.755970786170006,0.2162455078901511,0.6319878795089583,-0.632654130765236,0.11845107958451001,0.5833755746604986,1.051804749656866,-1.1436335847916097,0.19925383973899152,-0.17199008493362317,-0.2079829206932044,0.5439279842111291,1.3932707907706388,1.6154224841517906,1.520679320663197
-0.03744649831545827,-1.0054843047220965,0.18379386424816863,1.706829831019452,0.733639486737008,0.8592013363784574,0.9315085524745376,1.2157074838485826,0.21493906241919258,0.31034515922762224,0.8655437008946872,0.9308668752707667,0.03766683670995386,0.2652121844737043,-0.9830248526825881,0.37402876053876216,1.0763806285730246,0.7611089243243346
-0.46565117399472356,-0.010546551442092355,0.40674138282808464,1.2261202841319263,1.5631480862422005,0.38233233156745056,1.4005150114992864,1.3739971784891192,-0.0031888125965366144,0.2799082463994343,1.4271244542033479,1.4711392499270695,0.4933513715355137,0.5181706684548143,0.24311851241766444,1.092508701675819,0.9523541019759747,0.9556080081938071
-1.2913523091025465,2.2964664569079387,1.2384113129472187,-1.0431765955331584,0.6730933741645372,0.09549953865295036,-1.0661967544863444,-1.0044193591163748,-0.4480823838716675,-0.9437590266958119,0.07978796451037946,-0.19425018855718093,0.13796697336100464,0.06636349911318284,-0.20871195745070056,-0.15336601065839267,-0.26794714168229816,-0.5260494559224954
1.084770162623102,-1.1337995859860488,-0.9240393319601855,-1.150257028748447,-1.373993138951533,-1.2996360064734942,-0.40914594462669845,-1.3659011794976426,-1.2536578464292263,-1.2487321316008941,-1.4633468877543587,-1.421075007779721,-0.44067093525557527,-0.41674510967109984,-1.4605063539696927,-1.8891493033903408,-1.2908714547394924,-1.2935559088957302
-1.2066748409324963,3.125767427524951,-0.6351907644468584,-1.6638712720838467,-0.9860331640474947,-0.7052557238242361,-0.6879343037891829,-1.3218800189721507,-0.24782882962678812,-0.5983579069106321,0.3283655724190671,-0.47115065928724564,0.460049752135631,0.2197865055765208,0.5011981888885652,-0.0037451566883596747,-0.8964437750141312,0.0818356505138626
0.9915174113965691,-0.7494092453939796,-0.39302442840718127,-0.10090326943093417,-0.1835383541616488,0.020584318917232516,-0.24517107391008217,-0.40722139631858434,-0.3924089840082148,-0.3393848842305743,-1.2745949915837036,-0.718660508530825,-0.27684782599697977,-0.2147288800750011,-0.7149477353295015,0.16706514556008317,0.5941312042908555,1.0410463484544559
-1.244977366649073,1.5376847109311726,4.176430320717756,-0.4982370250114781,2.319750247557009,1.4719518117366817,-1.179558194155548,0.8513244371671791,1.436673739679784,-0.04291436860544248,0.53791387560002,1.496120304655138,0.1288301960399526,-0.07320752932432874,-0.273038747613059,0.9053175497280699,3.3129655853688966,0.9039452630608097
-1.0446072305514278,-0.05517651007151969,1.5738598368855636,-0.6207915166601924,3.1781816763639466,1.7425201698022255,-0.88498023637854,0.6515809823206037,0.6830700919587703,-0.3436154603134903,0.16062083684037398,-0.1617713643362643,0.0812651819498422,0.0985619497084113,-0.631444388705324,-0.5800447231768615,-0.18207010226661477,0.4291327697013746
-0.6029307379741917,-0.22805471516909537,-0.9950161265292505,-0.37143349199174475,-1.2211800636122612,-1.6274878098759025,0.846669802102659,-0.7929433102379952,-1.4484952878612931,-1.4300743519667105,1.248650984461592,-0.39642961527725346,0.23609107079968578,0.3035769325335075,-0.11731599260007373,-0.9803583500535146,-1.516784737966532,-1.676616033184447
-1.02462582374358,-1.2177740448270287,-0.28415094850125366,-1.3202143647644435,-0.7332033181520092,-0.5202025658595584,-0.7511183833266896,-1.242552721659021,-1.4125138831236737,-1.2392107863257253,0.1672483390102282,-0.58431324479658,-0.1349848452247065,-0.24706897393636731,-1.2975212208983438,-1.6736599685235023,-1.241994472629339,-1.31840312962679
-0.1403986146126197,0.9205665223953776,0.15064816851948107,1.055101213723449,0.6948232049860124,0.4036825612536189,1.2236590845528814,1.77561317999527,1.4694505838962566,1.5128857923510164,0.9079156226301176,1.6053731338038297,0.858486511068448,0.9576929810693396,1.742088688613367,1.8210347078858973,0.9608850312049937,0.4831113330328398
-0.9887637298847614,1.282257093272514,1.1847944841329976,-0.7852112972372485,1.3265852527206254,1.752013743173288,-0.33594205657634746,0.3937132481085877,1.3118821488404193,0.11058439596829421,0.5421263509777767,-0.05900613096785207,0.4184240743908074,0.40679453743679417,0.3251719721949765,0.6797816583782857,1.6673413974346687,0.8940599884958798
0.09199274707279496,0.6114730590263916,-0.08429219125644065,1.2164480813353529,0.5321594906148523,0.5634349303843699,0.8219644563570468,1.4228014168462384,1.2997969899046535,1.6813294632625353,0.08397027822310248,1.1166450359000164,0.609885303905726,0.5879487843764146,1.4845399910893597,1.5664750590390075,0.6806526015431298,0.4229582774341528
-0.7304665558674177,1.5897470479029567,0.9496245577180423,0.9830926467905079,1.0563531155399821,0.735384782049039,0.7886077447350929,1.6004565249646145,0.48749117582767676,0.6146466320438213,1.35891947696266,1.4270373551622222,0.8952519291950456,1.0178716836311983,1.0572986679843324,1.770097655570507,0.5128002677804725,1.4994974548567388
-0.7988793939477693,-1.5263065170822494,-0.5117905219814489,-0.6449197176899865,-0.6240810559953625,-0.7817198174468403,0.39449797371417206,-0.6962406296435331,-1.1887054948957048,-1.1070093092890985,0.7617686904919337,-0.5391575048592506,-0.1824775225494523,-0.19953010682439035,-1.5732853989161861,-1.6475338575916534,-1.0038482149311205,-1.4631440079760143
-1.1587351222434181,2.568648068892002,1.666809894098764,-0.22776610687188842,0.7140355073613798,1.1752287383339732,-0.5528941569526263,0.3515398935888349,-0.16399956553596148,0.44831886214221134,0.5149254397287182,0.1087479477066514,0.3905960833801552,0.4076788692278304,0.33425719471784265,0.8335806730574167,0.23955873830653596,0.683653794618105
-1.2209389473843557,0.1199411359909161,-0.763494007613929,-2.3921466555268727,-1.1215515547874602,-1.2296216665938957,-1.3936612503040349,-2.6134466529866853,-1.9172336845998006,-2.0175091066922186,-0.061743544384357606,-0.9472484538522478,-0.049705873491862375,-0.37891199156257066,-0.8228508952753211,-1.5939135038008956,-1.7437901685980062,-1.7466800737860741
0.7397102645840683,-0.40077109778983583,-0.6206764435818137,-0.29745065228687134,-0.6760635027144359,-0.6671892109354414,-0.01034272537057705,-0.3291400996421091,-0.14411345532158062,-0.33191476646617624,-1.2058427707853703,-0.8174072462115375,-0.12448460577845381,0.0003773652559835579,0.09103871056491267,0.038233723171263875,-0.2823149259589778,-0.18604119076502815
-1.2934538027479385,-1.3505377429995746,1.0954171394101013,-1.2763622963641386,0.25935593273564794,0.0719534663574024,-1.2969532915044992,-2.1810792637073093,-1.4338168908360218,-0.8885253737328086,-0.30548345943616556,-0.6193973917865224,-0.12576701784172842,-0.44127145463861267,-1.3781968663205852,-1.581166932378612,-0.9707060339271586,-0.7572531225480358
0.8624781285070334,0.20039457663890523,-0.47343693453071656,0.0036768370515256987,-0.5398969343540159,-0.0665827611051979,-0.37237563807699736,0.2532373318386549,1.6195055210814533,1.5183575731545111,-0.9301266009638536,-0.3011590750907675,-0.05639822608622927,0.0010220599334034791,1.3578849930427994,1.2039186484899065,0.1794936738543556,0.3482563708198148
-0.9678946154311232,-0.3375514547439011,1.3203786068846948,0.00967979663791393,1.4491767476520214,1.0469807500116264,-0.7004364021504914,-0.4124122363373533,-0.3298905933139855,-0.06366534041993614,0.3761523574330806,0.40662009185870335,0.07734874633974453,0.19723649206353766,-0.7543838760630963,-0.2947316110472352,0.48723653378797593,0.2655219354118367
-0.47349388801920805,-0.48971911452466543,-0.7970814321498071,0.34451708790675317,-1.0708415091019405,-1.2914958241534993,1.7292502371824463,-0.09213386136804703,-1.154076119781196,-1.5355504989112516,1.680217097329282,0.1648378897365086,0.2400459346315945,0.27908208491520686,-0.19543887442759067,-0.9795094874802067,-1.215115909170308,-1.273517949311465
-1.2363986214429425,-0.7951902854130101,3.8090935740716207,-0.3267705318960145,2.749503398332896,2.6775362303934753,-0.8181374542249045,0.4704352312194803,0.25941196716057224,-0.6040557055344247,0.4147035193117767,0.6387500863090076,0.2936507162111413,-0.02472659216241019,-1.076795990872422,-0.02407953507669802,0.8706655931146139,1.761681758365805
-0.21740182573143105,-1.3123319824906157,-0.04771535422867503,1.0526560483170806,0.42618780479359264,0.11262560773673545,1.6779149487487537,0.962582344072014,-0.5625271576955746,0.10169123036926267,1.370018144789653,0.5229586708045344,-0.16403212056637873,-0.046550734025141635,-1.1938036639528764,-0.5828579553277264,0.4163314859522468,0.36020181971671233
-1.2274458673842343,2.188384331191365,0.3972075000489042,-1.3738134855197972,-0.30843796989682104,-0.3493842667211731,-0.919112099814076,-1.1706637257691461,-0.6897099267508053,-0.9946779060284747,0.1594282937702449,-0.2580320604899932,0.261958244578109,0.03841242032090307,-0.07016949226927469,-0.45311852335451613,-0.4417959652839559,-0.5740384525522595
-1.1914815683725835,-0.568174974066986,1.9019040512896637,-0.8395205033901142,1.9121440179489666,1.0209344861917806,-1.0440646159819327,-1.1075463330426942,-0.0823766835149811,-0.7598211452972699,-0.05697406451975854,-0.17823191836807356,0.03142258851669104,-0.2282445423470622,-0.9976901110957039,-0.9015583570494252,-0.4099584800682331,0.28551311059276013
1.948319006150724,-0.6954985682242963,-0.5067531440291991,-0.3753979666473032,-0.23792424957376496,0.45809908918196696,-1.0564471975645005,-0.7133702984355325,0.01441068058405103,0.5066013013828761,-1.2601084232683726,-0.21226044287122667,-0.5556011945307376,-0.4888545648442313,-0.2976180016559681,0.6972722399492454,0.898994911397097,1.6857062751597909
1.059899751369487,-0.1946117933021205,-0.1234294177886975,1.3075777599208736,0.4304209590509253,0.5833426632002867,-0.44334100378447616,1.4478547642151194,0.9976889367125312,1.414412066962918,-1.0209670718098902,0.2986686184444514,-0.04361539230364755,-0.05125800062209062,0.6503753319951808,1.9271525332925548,1.8983295629041488,2.1771987747790864
-0.4377174028282908,-0.907216199416495,-0.6292441488552744,0.7436584775874722,-0.9704391360429893,-0.8953748482063582,1.731600716547667,0.18992259508623607,-1.3073231830607421,-1.3861208945464505,1.8920355271303453,0.08056955840335626,-0.005100002985178397,0.15301479823719788,-0.6866904790339597,-1.0308531477991862,-0.8520537948803146,-1.1367825573363952
-1.2604067297434502,3.3564109941341544,2.2707094878341016,0.22703816360252294,0.6918767730014929,0.9472871963257636,-1.2400010684422418,0.6273461475837248,0.28492992023440195,0.2709254044285392,0.48551260456515255,0.3827789469518617,0.36299296534725123,0.36649566991239596,0.3206325687275195,0.34934509827133814,0.3955113265403646,0.9943519709245985
-1.1200909696901544,0.8974567697687805,0.02920411490362441,-1.5057048841611305,-0.2581342410876012,-0.147249043034121,-0.8207427956288007,-1.3897873432520254,-1.1969500419042998,-1.2325545521840777,0.0823253565568333,-0.5370081753415396,0.1540474301902635,-0.0684327483309098,-0.2742163942965988,-0.6134806234776559,-1.036575481062537,-0.9081313016654105
-0.0157029758611612,0.07738990224430291,-0.881401318442672,0.5937864425532071,-0.9995198275948343,-1.1132628415040113,1.3691698001432842,0.6819804800533302,-0.13330412026250396,-0.39466815295515856,0.33388536058948554,0.1441596643137712,0.4707369193621927,0.4661507523546333,0.7603476537931567,-0.19467961676784892,-1.1943461628742131,-1.216014131074707
-0.6914331953127195,-0.7416375024799484,0.717691703020947,1.228821165781807,1.5786771088810398,0.8189227125376134,0.1273802534561621,0.5277870768312892,0.653793779249371,0.6448662207665795,1.0545227937859174,0.7244324893444255,0.20984034275799576,0.08311519281197041,-0.7026682289809769,-0.09777300709660007,1.2572055095533305,0.7347790082022397
-1.3024381465828883,1.6330161556280354,4.972987940257724,-0.09768458760345344,2.4863549321284855,3.092913537192235,-1.0147591609539721,-0.4770061507070034,0.93343143057713,-0.32084329779797544,0.1054377783789463,1.7898012968948775,0.26940642185660696,0.10984580390200566,-0.16441035079113517,0.999249370424659,2.988917866135759,1.2141944780160456
-1.0038428201254945,-0.1209034150546405,0.5203308765844171,-0.7782496434668363,0.20673531354748018,0.743880051275195,-0.5656923627219509,-0.8084174538516835,-0.8478974478149487,-0.8943611959227156,0.3244909113376162,-0.2109011071243858,0.12416564842777306,-0.09134163961616686,-0.6242738079651874,-0.5531173927603678,-0.13615102323884884,-0.3453696873241911
-0.10898467814447534,-0.6063832998452797,-0.6792862216830097,0.9564651601141707,-0.2622583456039258,-0.9974543276115589,1.9290190002610321,0.45146846457364226,-1.1267772929121112,-1.0978765152197105,1.1320081695755495,0.399751778907534,0.18890001791535105,0.2595901088623785,-0.22959068534170726,-0.7996825560311775,-0.9235500058068368,-0.8216644962692294
-1.1352952306763804,-1.4931343094589302,2.695724275632103,0.08732515614956392,1.6668066330137246,1.8224999485049729,-0.739944035435189,-0.608870525596812,-0.9286482334297164,-0.398753365494107,0.21150581289969955,0.3589031032599379,0.12469581719671355,-0.10612325913267691,-1.3462942981525636,-0.36057960838811776,0.5577492759096703,1.17216167523225
-0.5752677006720724,-1.1004612233222277,-0.16132376075068564,1.0434068726945613,0.5270356184633226,-0.21037040069731025,1.143076942643893,0.3123420175616062,-0.8735525417298702,-0.6028687474980363,1.3302737254589847,0.3017839760923711,-0.0960348873586275,-0.018774311910743732,-1.0059207269691348,-1.2000145871856234,-0.31440910290629076,-0.2796504718886887
-1.2168408320373485,2.472493608442812,3.1148650545089622,0.4238205038436101,2.221438852115048,1.5032701831030535,-0.5856629661312147,0.6901928542593756,0.19713105824109395,0.07670663844577563,0.7122781046219178,0.9985720877952476,0.3691795235373752,0.39862357718699587,0.03218213968905325,0.9173664763266873,1.4092549786023703,0.779551689688677
-0.9280196593210727,1.1753779515896032,0.15927810311712898,0.0953325166365311,-0.12716663455369545,0.05106249653252681,-0.09259467842971651,-0.190808766042374,-0.3563121274686524,-0.516972629077189,0.6210443964055541,0.13813923069957243,0.3990872654920163,0.4051493438290513,0.45676293497353226,-0.13293717639035219,-0.5212676884492604,-0.7215120847890305
1.2238189786439686,-0.002895033498144934,-0.5874723344452766,-0.26774664234281836,-0.6139477908244025,-0.5090668015639529,-0.7283693909448786,0.010646834108424385,1.5412576847649246,1.3420450860191435,-1.1554762661250906,-0.7807262232777104,-0.29684062978542813,-0.14539956167516263,1.1222008621237318,0.7958464830250596,0.08127797374964559,0.38885949156902716
1.6458589568993056,-0.9926419349058752,-0.8026775881462984,-1.0963928920238677,-0.9447185712385374,-0.8823435690278834,-0.8223236452039755,-1.4058289608291445,-0.9495608794900281,-0.8785292181479998,-1.4760529884240772,-1.120246943632578,-0.5871933740344741,-0.492607995825005,-1.208211916058846,-1.2186050177411543,-0.43978324454335627,-0.2565240169437735
-0.9825250329109386,0.6209606929744804,-0.7406634844204038,-1.6874700340101845,-0.9543860608430502,-1.2880511042611238,-0.6076494751187738,-1.6480768365628964,-1.0573706944482169,-1.3963866417737518,0.3406548219833203,-0.6609064268607061,0.14286551041219253,0.013594435717360426,-0.15963007352004588,-0.9010942974946816,-1.468117296261501,-1.5842512631628716
-1.271389317187958,-0.5869628695995758,4.233455033898325,-0.11738877473728876,1.9149265154633979,2.8245014548264336,-1.138479617751191,0.03768654739478754,0.009219776509992972,-0.2244058245133584,0.5195694797304067,0.716479216889966,-0.09879303193768094,-0.05342275142310782,-0.9299779037535888,0.3624354113377297,0.8308898299815346,1.1549778422006407
-0.5673579394684718,-0.3636379674470256,-0.4894169078524606,0.6388299062940689,-0.5727164743071141,-0.6827637489269665,1.1789828682314867,0.15246909855135804,-0.7396986857181748,-1.0356558186919964,1.283421970017638,0.172525298073259,0.2334476037326134,0.2654995756048969,-0.13270872744136633,-0.5608970649630703,-0.5287026910443531,-0.7979122881938833
0.4026140499496281,-1.2402047941593555,-0.6429347878445753,-0.10258910490770883,-0.9333436922493902,-0.7600253337330273,0.45975798197800216,-0.39481563060150976,-0.8594641327404289,-0.9108872974316288,-0.9363431950383655,-0.9185957192191692,-0.3387076017902596,-0.1726164357264201,-1.577017869544176,-1.474763310865245,-0.4688536561552985,-0.7923738088779745
-0.9100099779279166,-0.5367994096106967,1.1320400107072845,1.22805164167605,1.0179159007369052,1.1280548207294818,-0.7598780370375332,0.41530981431923775,-0.12394935011003903,0.16525159018911115,0.5682921733383312,0.5207061143706334,0.16001953739371982,-0.005310980271500851,-0.7797035427813843,-0.25021728289031775,0.6344228028247157,0.3920570091050772
-1.0510379801400116,1.9118881173216042,-0.22689760007106685,-1.0054746130696266,-0.5869284845175378,-0.8833364328142421,-0.4370786959958262,-0.5903574010215232,-0.4553038931965036,-0.6577394665934024,0.5527099563845517,-0.27792284634098446,0.39666999377444656,0.3211976445067726,0.46390383810058694,-0.06935116879223452,-0.9279651895801011,-0.8502418668763065
0.8176721387021179,0.40925614269766825,-0.8658840301899773,-0.8350812598453443,-1.2965236867568357,-1.2205498204489715,-0.37328886682998275,-0.06089054838883094,1.8759610658663906,1.3580040171369072,-1.038640625311785,-1.06910307769895,-0.029314099344698908,0.06382125339152463,1.678526474352307,0.607884767792261,-0.8489249977528595,-1.0127182240650765
0.7313404117638211,-0.2836658085324408,-0.6655906894239414,-0.26580666405378967,-0.8694264303364313,-0.6757290202137023,-0.1201737722898852,-0.3781516773858169,0.050496348618663756,-0.02360899784101816,-1.10341729244411,-0.8156748602718281,-0.05598511195075991,0.0003719994043369425,0.33951271401536043,0.12484018857063743,-0.3557242496431244,-0.1061645766192937
-1.2127003505834408,-1.4689351447133605,1.2825115661437956,-0.7865607156978721,0.799121787158567,1.7537897609095474,-1.1807602141011937,-1.0562084627763688,-0.9513131769347731,-1.3420070001245448,-0.033150280064445155,-0.3237832955955182,-0.121988537166051,-0.27164327866581744,-1.4233747264109153,-1.4505929108407096,-0.1654391159960559,0.04002477670662311
-0.7844322458273935,0.16704101328560986,1.0390071988494083,1.0014926422221702,1.8476458418508197,1.8171575630269525,-0.11233425090128485,1.4876580369062558,0.7495276635383105,0.49613353908973706,0.7371095393533386,0.46523703742779765,0.35287304946222053,0.34994937746161486,0.10894687813127849,0.20626211496710245,1.669517020294327,0.48392411277099406
-0.2853917669109422,-0.4941545386378114,-0.024201608243867554,1.3125758657989606,0.32917262117818163,0.19924370927372384,1.7209525235850782,1.145202041827775,-0.231962743751825,-0.09398580414214229,1.1831597367096418,0.8882777471427834,0.43282176595861394,0.420079526674642,-0.11678711290622201,0.08406225411678085,0.22370180454389585,0.26414409874499084
-1.138100657321418,2.4502567768273185,0.7764805511633633,-0.9723902924788029,-0.33474276632766664,-0.03239995757486359,-0.8170113692952644,-0.22983472297217486,0.1868576106542863,-0.330171615806252,0.5756425389233604,0.20417048682649383,0.46421076613624784,0.36979656037960645,0.5323796989874915,0.21615137303711016,0.629236503235187,-0.03976657124689878
-1.2849079916302097,0.31982684422943425,-0.5756028675935503,-2.4076630214602592,-1.177095022477582,-0.9529694189302723,-1.6598777687381683,-2.5951858761873847,-1.8042703617217155,-2.046581478802041,-0.17504745986390557,-1.0394119537833095,-0.057015487325711815,-0.46915021771905313,-0.8694367544805757,-1.5682871510747722,-1.6122640663818482,-1.693567286764358
-1.2906475277202847,2.592812259812899,3.0691523299106604,0.3446653679209121,2.302406124433931,1.816631982348183,-1.0278887836004866,0.9297223572249654,0.6110004227354163,0.9015670144667656,0.14013954796658676,0.6329152376818199,0.3147967802390366,0.5045432595421331,-0.003210115704728533,0.6708540650028575,0.7103275685139264,1.2234039955439613
-0.9498769991652619,1.3848888636876173,0.4346217465202985,-0.13860481989685125,1.7640528193615448,-0.302874278244749,-0.3121029270906261,-0.20797184549571351,0.007009462686628141,-0.224465885326626,0.7592450960234078,0.3151451849498451,0.48126858267220984,0.5112128224578244,0.4208590776862606,0.16932970496417277,-0.47429486158747763,-0.10249563752903489
1.2939171381487269,-0.21432578533343707,-0.7497970157147311,-0.7541925608711785,-1.0350786464713824,-0.8847161825969314,-0.7047007495818584,-0.4773570287931856,0.784881066492229,0.5921778266969716,-1.248362670540595,-0.951165878197801,-0.3251056582492262,-0.227385124655076,0.7434992288360506,0.4898880008149924,-0.17207758571150003,-0.08376895591652574
-0.6748045373423998,-0.8980149454789921,0.6971481717849904,0.9188741317525451,2.6460610394866664,0.6884742921462657,0.8696872650215358,-0.2803231079310715,0.017332933390635494,0.2834814874960158,0.9243151066349192,0.5543519079490514,0.09822142551731274,0.02115425991353445,-0.9371245635963485,-0.3612456424589688,0.5956039247924915,0.3386505847776965
-0.09448571006532427,-0.7350436587902839,-0.6088046552072146,0.8584984646458379,-0.33080958629377355,-0.4540417935601972,1.6376213412633072,0.48143849786822784,-1.1471842348778256,-0.9315002646616737,1.674105204975304,0.29502531661101816,0.16900666737007655,0.16170915058900276,-0.39051043195623386,-0.7256073653199857,-0.5909418677896794,-0.7431010674419267
0.021332228417483223,-0.12504995263449178,-0.45609946113520167,1.3123734361470587,0.05151491306839658,0.13741599241965793,1.4277980916785082,0.6333157365731378,-0.17649707326192288,-0.10580997057616702,0.2801230223265749,0.6944800199985547,0.39106469988169457,0.5273719803700064,0.49835596842436763,0.22917831894153398,0.10894929886987452,-0.36463540214395174
-0.7680501396977696,-0.6251751362973629,-0.14020321291953616,0.19625760887055632,0.4668407575948628,-0.5018581655674019,0.29138112643786324,-0.4581386207277283,-0.8115018313953068,-1.1950423450521745,0.7682147919063507,-0.03518662245042687,-0.012802654502025619,0.05692528623921702,-0.7293726250474545,-0.793663510222851,-0.5569152205923081,-0.684250637985897
-0.3938093137367756,-1.1167271115145088,-0.7009698847747855,0.7506153188660215,-0.9659158386200214,-1.2068430186612613,2.1314744152616094,0.28547000031036834,-1.4927948325115301,-1.4128270183402376,1.960149566473855,0.12537279035113105,-0.10700522641420943,-0.06183989320228725,-1.0089500767281436,-1.2594651685280984,-0.9243947025987382,-1.0603269780279563
-1.176752744747387,1.0261135255873908,0.5409980740926786,-1.380275101378553,-0.1200603364049356,0.14101065750503847,-1.1189411153509308,-1.3118412874924463,-0.8872058692402183,-0.9722600612303018,0.1308845404972987,-0.5068101825917121,0.013616914177849394,-0.19443115381155324,-0.45441055080821857,-0.6456648028979992,0.007091881778071727,-0.7226455133212499
2.034412272073717,-0.8151680302128029,-0.7815620447955929,-0.9754358412353594,-0.9006538200694624,-0.5039107985490635,-1.0639140264882863,-1.1092420735279276,-0.6835448705299189,-0.5093861791920172,-1.3506047867542372,-0.7499704027766024,-0.6896834410721964,-0.6113589520795829,-0.6643954293176727,-0.5623462023442015,-1.6824575321819704,-0.011102498389116809
-1.2787131267185436,2.3170446901363695,0.12219887880879189,-1.502929813793181,-0.2086084047466468,-0.07366396513159985,-1.0714936421275345,-1.8928133721168527,-1.0210238936370393,-1.4035958683292504,0.0640491462484578,-0.4558678831193665,0.16194603176345826,-0.14171817334300285,-0.16012401087966052,-0.3727367192401101,-0.731047789851932,-0.86586501283904
0.630288398050404,-0.9781399435321882,-0.059587934979344545,0.8058967280440016,0.3789773189753414,0.6206327980049334,0.081124564551042,0.07297803835252567,-0.026419383377272534,0.7187219107163335,-0.9039179252636392,-0.5127826447058601,-0.21509225522051303,-0.12633059645955735,-0.9343299252966175,-0.063861869663667,1.484931620680077,1.153809018108416
-1.1050561294647787,-0.7783250494557461,2.414494723765402,0.22018869068073194,1.58824038317554,2.8302022255894137,-0.7025257682684835,0.6271069518197878,0.3712103728665899,-0.37258231371085687,0.20753623670899654,0.6868433779355348,0.041151806374232956,0.18894125494404918,-0.9803055934936172,0.13628589017377735,0.3874738802696499,0.4636089679329891
-1.1617201564788087,2.279641325314016,2.6238940711833236,1.6013758460628196,1.367496912986124,0.7431221840640992,-0.48511054580492186,0.6933633350493577,0.346913513164153,0.6304120012332399,0.5123323449356738,1.4353239989625792,0.6250210705800933,0.5215862073693058,0.15148246861867865,0.4378697649122835,1.4274012148436668,0.9912860664362303
0.24402829227834183,-1.4656652585553631,-0.939552616628525,-0.5392203895930237,-1.378340766864457,-1.4669150000352682,0.6572670001944073,-0.5088822268798645,-1.0185896278207591,-0.8973095282351201,-0.7210378424229196,-1.2967121312305332,-0.32608042605478227,-0.2561440603919169,-1.9064690644136293,-2.042652308293921,-1.5368383211180838,-1.3097970392408396
-0.9544443917421691,-0.3170640731725605,0.08767653391796724,-1.1112830974355692,-0.37439141019973193,-0.25127142443294287,-0.3001277516875643,-0.904436105404771,-1.0312673980660865,-0.8561544511649887,0.2926123368078354,0.0008482583390618432,0.03799420436989184,-0.0976206173804102,-0.6634909839177127,-0.9098707099733107,-0.649673635007176,-0.6470234184286082
-1.2951893690089837,0.9832595606859585,3.1667082398484925,-0.08435178589911221,2.6233653867330617,3.7537182568056373,-1.4074280339726706,0.7205775672862638,-0.7285246501865,0.34311313584207964,-0.14389900076184278,0.8841768730917403,-0.007583873530874752,0.18010955388432534,-0.7867229156193049,-0.2783634494806764,1.366526380154404,0.8948260250872339
-0.1715025452108559,0.1837831456881167,-0.22094378358817726,1.33176230765145,0.4500325004403316,-0.104822101125047,1.7009629741112777,1.0037057885423726,0.3887455263926865,0.2603457826927089,1.1240235309130349,1.0432086818733206,0.7128308189625207,0.6175255997131578,0.7426597352717185,0.9706384826421326,-0.03572141447382522,0.049012281673988876
-0.8447467353580844,0.3963938675663415,0.24677350601839285,-0.5595420677528286,0.8653832104370864,-0.01809706754801591,0.059934400906938454,0.14767143584160572,-0.31483947021595116,-0.5804092793756473,0.6414570925001771,0.14682597251092347,0.4161515624362193,0.3085727311276655,0.018898725142844516,-0.25995640113877033,-0.1334627334676825,-0.3035820676581631
-1.1128429843558991,1.560006333510175,1.843455605126781,-0.6785053398314774,0.6435757214765314,0.2334381121571446,-0.6452694681023444,0.6224929800884602,0.461884532229443,-0.0329868738923627,0.5812295656390095,0.5108557708081629,0.2535007989246771,0.3513140200959145,-0.7996828590445271,0.8272976357374311,0.24040516866110673,0.6231855649355483
-1.253768781415162,-1.247836426370406,0.4619769247432514,-1.4767363707724854,-0.17806187280621533,0.14661166348262808,-1.2683695041369927,-1.7794820290922106,-1.5809411369729944,-1.5450090279902013,-0.02813781956218474,-0.5605417503454043,-0.09467999489103697,-0.3272047239248969,-1.3247368555280605,-1.6515714970320041,-1.0102791813844114,-0.922688079280373
1.9053858147331448,0.09354424038493744,-0.977679890352512,-1.1304034784259351,-1.3676779597459914,-1.284220545187673,-1.1889077448538845,-0.5253862211539584,2.4667590604258374,1.8155954581706089,-0.9543476376422017,-1.222042828461169,-0.6836495558823816,-0.6394130608340507,1.8882122851837195,0.7960692433492769,-0.9259242138202867,-0.8278413130051274
-1.198337095651411,2.7123373079080726,-0.015578763326848289,-1.2153394860256161,-0.6586416362781451,-0.6730444381670221,-0.762878913667532,-0.8928888848400756,-0.37586084186720853,-0.6960888121020407,0.30709193191729406,-0.3296822627137417,0.3165851251360973,0.28749550050540307,0.4796463535989607,0.02664151538850211,-0.31851452402720776,-0.5132864313425064
-1.2345026110577002,0.22257290640601937,2.3199912688717172,-0.9902573478896495,1.2433041369303863,1.328651894927366,-1.376975610334795,-0.22629218201527604,-0.7554717019311361,-0.2264811557311219,-0.07823486164567943,-0.02935670993573183,0.13114705783257863,-0.15334126814522506,-0.7543404139312347,-0.3864354458859155,0.15526085314529742,0.5362771795006224
-0.8892560438906537,1.1548886901262314,1.2587417645269374,1.388874505337699,1.1304725923880643,1.362323061324959,0.12905906982312376,0.9662140492080564,1.413592661236237,0.49969006190364906,0.9944102814343644,0.8229763348736957,0.5482598270705767,0.6277128644982926,0.271061250091319,1.3635019762544411,1.2611560578712873,0.9840967585566908
-0.6473243015416594,-0.030092606451918618,-0.33702907429793716,0.16661001425711816,-0.003410405162670139,-0.885099635349939,0.5449675368789167,0.0982070617005642,-0.4554297570165607,-0.4439796915383157,1.0626516086284759,0.46130354913798605,0.3439742834188917,0.3497835481506681,-0.016819246506109758,-0.3140687893789032,-0.776132471772763,-0.7370051921820877
-1.042727822889224,-0.18253849025336083,0.803852035651763,-0.8912956036404722,0.7628066153685275,0.45946800447614045,-0.5742897955843381,-1.3902804122004222,-0.6544982455209672,-0.995831387424082,0.03577862698239963,-0.0815562264819241,0.012665135040966282,-0.12732522282227127,-0.6430138927748641,-0.8568808625774068,-0.3249995976857442,-0.2954885920745874
0.8980649627545669,-0.6329442160310159,-0.9007462835629583,-0.943310858471903,-1.3787053656885044,-1.283926685651951,-0.17258197047037177,-0.9446935434013646,-0.9435330198003234,-0.8469052828492242,-1.3175665120082303,-1.283121445679824,-0.25455726076952273,-0.19809643564949686,-0.2939652375706694,-0.8383797230318383,-0.9754800242776805,-1.0045831163801044
-0.5522378648616432,1.3070338009937208,-0.8509177352341668,0.30860414442025574,-1.4123136609621927,-1.3146721579920049,1.5372940952860157,0.6953608675993482,0.8005925977211241,0.4218460192759248,1.6615370440728245,0.474979633700356,1.0439639669193905,1.1959536594846452,1.55027954151429,0.39532202560531005,-1.4083156296336243,-1.3369459452300299
-1.1327283991659576,0.7537681573833871,1.6120627894749313,0.10572752610507087,1.3344497311054542,0.9916789235683618,-1.0169344469755783,-0.8465488723925431,-0.6233319807282265,-0.14703325496932051,0.30116677643108497,0.3471113451703839,0.2137782923910273,-0.14033016065859555,-0.3334038539397539,-0.3005848767921048,-0.1323058878104591,0.4392770930699083
1.0142376312188075,-0.9313509582777734,-0.4150714167791914,-0.41427769645736984,-0.3883565764853145,-0.022254035314327996,-0.29384087757264493,-0.2677126002164069,-0.6266665857727723,-0.4310213683246834,-1.2655811237479124,-0.7345496479944426,-0.33909276226852725,-0.1961463136842232,-1.0509862736813174,-0.2659185882701359,0.7862575226043812,0.7539983700300286
-0.7041408534024498,-0.8854163496828591,0.9007420369105158,1.1230861853760674,1.8693899966464576,1.1890473097767953,0.3462720692711069,1.308270234443007,0.37190315555219583,0.22187653124057855,0.8893090319212904,1.116303872885982,0.040258061547141066,0.24895604618250894,-0.9175285728135405,-0.8127477199928045,0.9940515671312073,1.1861261431875176
-1.2147126143395437,2.085681134670165,1.1629768677813377,-1.0205587178688937,1.2203596439006585,0.1540299692637182,-0.9160537193030128,0.04470572597236452,-0.4738681110969995,-0.18390168452326014,0.16388903966583968,0.047067120295871324,0.33711393387146193,0.12143011557167135,0.07132494773887706,0.024697718761219303,-0.22790929363357257,-0.2872284657769411
-0.7371025142394223,0.9291734856732847,-0.9719449990370456,-0.5935536411268876,-1.2860289345728972,-1.140970140727022,0.6167179738809213,-0.5594092633335217,-0.1343313189990926,-0.6161314191497812,0.9715072705275704,-0.21373110075794433,0.5612708246755029,0.5557280901168559,0.673143818715291,-0.4028718139258162,-1.5378128119719168,-1.706703014061234
1.6404938756864917,0.2514008842619343,-0.6342318781911193,-0.44111194642603585,-0.5769438179927966,-0.3331307229031858,-1.0721477571173763,0.15805332984218828,2.648569837677016,2.232891549020254,-0.837616528688079,-0.49488946066569844,-0.47132931875964207,-0.3067166917379166,2.0395135323142957,1.6558381846809507,0.28916695472990683,0.34736365500926986
-1.2223134332705605,1.3959360590024583,2.941056320888642,0.7318143366541161,1.7864700018133317,2.003838963992789,-0.9518763747404129,-0.5600118174575197,-0.898384955954079,0.39784758333494297,-0.182424140662591,0.193462367936197,0.22530371737264213,0.08071335235936232,-0.4056080342243802,0.2716943759806999,0.738094456208754,0.7959876637141012
-1.0807111664798006,0.13145147012283556,1.7378515592455843,0.1450571167647551,1.7833340856567956,2.1094833661198154,-1.2321995633912297,0.3514385101224285,-0.34111539723390527,-0.5671823218722263,0.3175688154823253,0.5566657776265367,-0.027764261460484222,0.08921496458350245,-0.5466326043929473,0.42767610088126634,0.6596086072441928,0.36815683339499283
0.3044203651516707,-0.542026033282645,-0.7246544642600826,-0.048947613322006096,-0.9361289996156557,-0.9671500556009266,0.5994715903504308,-0.4347426939529396,-0.9703122607138575,-0.9478743351475492,-0.6421886178616224,-0.717169793190301,0.06533630093829489,0.08136093147446156,-0.22827042583639437,-0.5757942049196967,-0.8461569164865372,-0.8174539130994356
-0.5798067878363223,0.28730537298218095,0.5901910464544152,1.524078065176226,1.9253548838107468,1.4630290250654714,0.8791694899767714,0.7893776572155945,0.5107148197463193,0.354537107509144,1.209494619618072,1.4172555540087106,0.4332484019168399,0.7054852870153417,0.5639541506385838,0.9960262536736433,1.3185284549922105,0.6600290160833785
-1.2937034330946722,2.8770480772967244,4.799056874893218,1.4190841841491142,4.020794840169685,2.7929099527824577,-0.45850512541914,1.3310942287090441,1.7577135518791482,0.7068182035745133,0.11851638722890928,1.2082168900746562,0.4521648393085587,0.5897489190344639,0.24989922337855838,0.9807834986493038,3.049484262198263,2.0868792293793272
-0.9954206670121966,-1.3646144626521843,-0.1201610055120571,-1.0953857521048576,-0.4191966721456459,-0.7329747908961877,-0.46186206960230575,-0.9670305037703526,-1.2311855715328333,-1.4211853778006172,0.42270648158850194,-0.5074944915670363,-0.067602578303729,-0.2384266788463864,-1.3623854991162452,-1.521185047214248,-1.1064005095729705,-1.2336040634882985
-0.6991475041329867,0.6637752780542923,-0.040993551566983005,-0.008967006830086267,0.8495851832275674,-0.30214167797549707,0.7688050271692691,0.620533360950114,0.0785166204993303,-0.07849381526799161,1.042853186123575,0.49549666127662484,0.689412554286754,0.5484930699633477,0.5167436500313272,0.23911040811124779,-0.08501141116407311,-0.09222109947485456
-0.42990488124397375,0.17222894251324092,-0.8067543908306593,0.684343372042628,-1.0482123734712432,-1.1246463285725665,1.7594084502053173,0.5852792684853225,-0.46304088996705983,-0.7447454191642032,1.7435692414791986,0.4941915831733358,0.6536682347710452,0.6730440522062568,0.6331551667662955,-0.21326172206520908,-1.1466815158653962,-1.2192714501661632
-1.2552483045549916,1.7863998314023282,2.0947810787190573,-0.6594134127128386,0.826224681772062,1.0192012353908124,-1.1614203908164156,-0.005176456105554197,-1.4007622477536543,-0.596209774510458,0.029575380780669153,0.06314276112964902,0.3017177963347291,0.07132654294112593,-0.19654031544563327,0.7489289545664463,0.944149326825665,0.21644277936231607
-1.2002239672092059,0.49041551707239095,2.5496797600536927,0.9541795016659925,1.1426166748117155,1.8481683242261957,-1.0256066758281337,-1.165425945852804,-0.39914038041298394,-0.0359607945670612,0.05679795327230977,0.3862699685829084,0.1654867236056965,-0.0375653699720173,-0.4499631855814023,-0.14233898861432523,1.034738311031008,0.738879504172672
0.6399767715756655,0.3621466407474167,-0.16540270424056971,0.7995928089314056,0.10370281221102864,0.592194918089415,-0.0745267213552483,1.3346848510899,1.651609720388682,1.7781185921232017,-0.7500108811359035,0.4544105613607909,0.20736758676979067,0.36018024357279155,1.4680434851756317,1.7257452973653986,1.4336488155646823,0.9181199523686916
1.5308472220691056,-0.4517977709098739,-0.4307362676983111,0.013201078540128202,-0.026762365385598633,0.4248067892515641,-0.7642854168982567,-0.2115961602947401,0.4084785909045382,0.589156118885353,-1.275919937275572,-0.13250593982351447,-0.3921032089341661,-0.2146098207160829,0.35558206004657905,1.1532707891390301,-1.747325426305436,1.295482501944731
-1.061019781764572,2.2024604242132977,1.5100670852045335,0.6767001059329052,2.0620830433180277,1.6066272153783177,-0.3647732109610577,1.3434115629222299,0.6521189090528142,0.27590677876192815,0.6893445602294004,0.32432270098594257,0.5309425139448812,0.34816438654164,0.5013983716822893,1.4431589303135341,1.5291834832824371,0.8247375918348443
-0.887770132928772,-0.5746317080271474,-0.8400582559440466,-1.3673247081778348,-1.32007614806384,-1.4482685682986862,-0.23531250743510354,-1.6997867860852907,-1.9535580907335428,-2.0231544192727555,0.41651564803464114,-0.424968870315716,-0.021171373157866307,-0.10335098898007393,-0.7714571654989473,-1.501545475763227,-1.4631937136182833,-1.5886474720327404
0.2036175763080016,-1.0686851929076846,-0.0005170287585703868,1.2453098044690492,0.9839429596584222,0.654297928855917,0.8988113817697844,0.6335723322060407,-0.008426843732105761,0.21483311852155884,-0.6558197474567093,-0.16719048959531826,-0.12678186104032754,0.035337185608666145,-1.2331313713186958,-0.4063868288731568,0.7107313013383691,1.3577058379464733
-0.47875447469374655,1.0587853686149638,-0.6247958399552868,0.8421063578025575,-0.3787253985485297,-1.005209959275841,1.4953254518004877,1.0455255382436295,0.6914948049806396,0.4896461784466408,1.6832001773981446,1.0115385811936377,1.0706942184838828,0.9586953400266964,1.5473989137474948,0.7730757353706463,-1.0413327707597273,-1.0392636301742082
-0.9725496066322152,0.906479850085215,1.0335402627083814,-0.07358108136245883,1.7215883317622918,1.463006922919206,-0.20663738754499777,-0.36635145983824763,-0.446515241179945,-0.004255337155463139,0.6203242398550488,0.6020886554099931,0.46342685301032477,0.19323541181396264,0.003459207461324004,0.08074392582148023,0.26313313718194187,0.048627325763625
0.4449306075625881,-0.03338102717041528,-0.5150718346965671,0.3791666853269895,-0.5896175322371239,-0.17640700053929265,0.23024118771123855,0.1971422956910734,0.44136413325058516,0.37977868894992817,-0.47368641670613465,-0.4608738032163107,0.15354613881743742,0.21349953352378767,0.7886146470651964,0.7098302928485062,-0.402467107287898,0.006237402813178149
0.8540544720098344,-1.0224734911646425,-0.7585177051750979,-0.8428552480242559,-1.05272225392075,-0.9194779454808806,-0.13738624462445315,-0.8949371679113107,-1.1058682562670363,-0.9540137049354447,-1.3693967245501033,-1.2249386350899014,-0.31368294706452643,-0.26955885338864227,-1.3221513661707518,-1.112795624709493,-0.6265280777708581,-0.7165349691830166
-1.301077858629291,-0.12992712200175222,1.3896625872889066,-1.3287610046902274,0.7151944246398901,0.7280665451216392,-1.4368316062716886,-1.6910969225827304,-1.1262289026745158,-1.1619674636263642,-0.13010896462121857,-0.09205909918236126,0.006643546426176307,-0.4077207691500795,-0.9333756490024444,-0.9195529615059158,-0.5119372854661185,-0.4164338825032463
1.156412977347813,-0.6650335666797121,-0.5500119702964579,-0.47653533568964623,-0.4816723105710615,-0.18076983085423037,-0.45150823349495833,-0.40615290799431514,-0.33343352486913486,-0.14966411011241965,-1.3718319486051032,-0.7508127974112336,-0.323894625169819,-0.24949343523884912,-0.36696167017078346,-0.14351216384188256,0.2273375837376458,0.32752376695394975
-0.8789994910605672,-1.111971557454147,1.1666584068692973,0.09526782422926389,1.7117104222880148,1.1475776466239873,-0.19248491354992298,0.8310549454727152,-0.13711368799182655,0.7051646385787915,0.6033314459620911,0.7038623120030991,0.04763839184160026,0.12849402811767685,-1.1330273412280616,-0.21995424846558706,1.0030444261257059,0.5866602871283999
-0.7059271042867106,1.336546132982423,-0.2651621216712306,0.013748903181213716,-0.2032825756639895,-0.7824457110492917,0.847057962325324,1.1771044848293357,0.23859275734851274,0.3118716584595558,1.25750102958465,0.7253645744395815,0.9400462234338728,0.7248167988276921,1.1412137467608539,0.4032461350309139,-0.5511841951901723,-0.8909635305102127
-1.2166057988621009,-0.9383279229843691,-0.4693717811647226,-2.139523670357714,-0.782228924799663,-1.0238100784597066,-1.2985557849054008,-2.30179501419876,-1.7274034644291205,-2.019598337489003,-0.03513013340551392,-0.9002197040568365,-0.13425996441935173,-0.44841169637794714,-1.246547123318733,-1.767943627837718,-1.4790025410524923,-1.4947177055215444
-0.32818823460798885,0.865699851589892,-0.16075318742406433,1.1863349300108526,0.46401840213847523,-0.1717406838587867,1.764464231766827,1.5212128522481887,0.9697268553178808,0.8766170390327808,1.2678945322783148,1.3461303887337135,1.0086061087010525,1.049676684570778,1.6561698427121148,1.330753212759559,0.23485589283515654,-0.13073578989933893
-1.1540937862595837,1.1613012319369935,0.9043630773904413,-0.8414824449953958,0.083628353860161,0.7280177859039915,-1.0743880540696298,-0.8648248350372798,-0.5715525096711307,-1.127676642591237,0.2718236655970774,-0.38709708175779833,0.2907554149489769,0.10172989405059735,-0.2517507762932677,-0.459789287233479,0.3979867299791357,-0.5576267319168974
-1.0200678538280104,0.3544728578322201,-0.9191058734344888,-1.6837519198284694,-0.7398059469334243,-1.4471014667172826,-0.7480924629713701,-2.076291828116383,-1.4223271811278455,-1.6346568194311215,0.20013421533694808,-0.8375533273728785,0.09949137116332614,-0.0724135943856286,-0.3718658277950006,-1.3212765280898382,-1.6478853193442224,-1.6591141576185207
0.2834864492376065,0.517464823333276,0.0780483792384235,1.3556393362900696,0.6980550552293947,0.8217486292697573,0.47060225600674915,1.6612724593769217,1.543830363113842,2.0466144076280606,-0.3788785601890912,0.9395724626578601,0.1696508546414451,0.6471210700252594,1.4167444004527239,1.7950939793337717,1.2811771849103195,0.9866174736309583
-0.6113716366004451,-1.287285926384807,-0.23784959274272824,0.6462533036745589,-0.1918522780603881,-0.5474926540737295,1.3711037183180592,-0.014719000168859964,-0.8469362065402527,-0.7591639563256863,1.340387625412046,0.2606691833106413,-0.1814284351419082,-0.10509247407301717,-1.219003238884858,-1.3644084178905491,-0.5264320778807144,-0.8077320350415176
-0.9118968370094964,1.6866864709774898,-0.500315519399386,-0.7676541762040204,-0.7462296496356837,-0.9630658075086461,-0.11389325223170318,-0.28152678031093037,-0.031482693149218394,-0.34352168532938726,0.7903381373083519,0.11860925619215522,0.6053623828234931,0.49779285811966345,0.7299075988885502,-0.05179900633066574,-1.1803622649999175,-1.0601569606440335
-1.2526893486552528,2.9427751389375136,4.007675445081815,-0.6260237593435387,1.6794624588524738,1.5580486346973361,-0.55805744376992,1.150281021085487,0.7560869796750326,0.2055642735222465,0.45994462331857505,1.0335481830941227,0.3825667714129022,0.24583648198741304,0.24388447463061422,1.679196358943088,1.8974453614227025,1.5484149414508077
0.577651546625202,-0.3568203235901087,-0.3184986926299207,1.282333147767668,-0.046674999145687526,-0.10548276021989886,0.2233296524352988,0.30263217245281976,0.2284708963915152,0.3816057254750292,-1.0053833964131524,-0.4463308210070557,0.073781162339985,0.0700170354139328,0.2012035433683184,0.542873709242505,0.15980044232115034,0.5564948588008616
-1.0524152856507942,-1.4599460640067166,0.9390067809320326,-0.3987533404478485,0.5441521495796909,0.6457705097863621,-0.6644308353067061,-0.39439685771704724,-0.4392272837671233,-0.18235274516274305,0.017342454620436393,-0.19136008521838768,-0.02368637775441486,-0.14540467627139936,-1.4165847298025536,-1.131909460329902,0.41172018390886306,0.03385230642140591
-1.2112207650625364,2.04663305524669,-0.8162953632904681,-1.9222229137730675,-1.2013853796184122,-1.468037669300627,-1.0678367875963741,-2.0573448327280475,-0.9281734766848672,-1.2967072333549687,0.056197018445964544,-0.6804760510489876,0.15982185558720768,0.022693611651639543,0.07088583171941572,-0.7174169668195842,-1.492729019405104,-1.3377639985260419
-0.7467009716835724,0.5562594796033443,0.7947422547875427,1.1166642795287172,1.1438646129435588,0.5762009506149118,0.6304775865952396,1.253446478217797,0.9239478195466823,0.38331826896422794,1.4034332328716834,1.6840742428499138,0.43511595544383547,0.5390107920312297,0.5074001423528446,0.7016544221672113,0.7528041225308253,0.5770839538787879
1.0761248786436148,0.2745113614302519,-0.2801284166270411,0.12247386068674948,-0.10962054274243493,0.3534647705282611,-0.6579915889741733,0.9629368719254265,2.1239366803323976,2.060805258428011,-0.9120889329693324,-0.14540450375522596,-0.09572074833296013,0.031936681803881144,1.7508281776091454,1.9300569472753957,1.4253018525341825,1.671093023379627
-1.1362138730971278,0.7095065107255896,-0.38987200886616524,-1.8055332606357517,-0.6716064654516077,-0.6529959848440742,-1.1302675655362526,-1.9826024544464775,-1.405095474718639,-1.3555491949679168,0.008277071523151974,-0.574974252988443,0.09195771828768058,-0.17432344544779851,-0.3918081125002937,-1.0936824998848576,-1.3485921725975498,-1.4393628586436904
-0.4604835600739577,-1.418524415280147,0.22713815592034337,0.9976841755072274,0.5081961045908185,-0.09567450014305194,1.575518413832577,1.5201403324498564,-0.20894699425322805,0.12107460802540763,1.4144198003565214,0.8305236331858563,-0.11174464404278132,0.2004052496708225,-1.4760206390986357,-0.8230935981398348,0.5798605450593002,0.6244188538270108
-1.2835306112621376,3.537941607920391,1.0572012863822555,-1.0864053036115875,0.537738120545475,0.041308200519785856,-0.9955538783699004,-0.6894576213294343,-0.1913772645365321,-0.44230278198013845,0.3228133367700601,0.06517542804624582,0.32809834631815854,0.27801682943769584,0.4338935759393272,0.7436743063769105,0.1647131847972662,-0.29773274695688573
-0.8679294952541523,1.8936867970583973,1.2787837495130636,1.0968755443265814,2.224189775567066,0.2586388731131022,0.6912946698500451,1.827668976524835,0.8448113659519384,0.9189867797911581,1.0152733142627497,1.236656916445465,0.681801528632524,0.8252192117234264,0.8789955719855947,1.2651397910731466,1.1611054799440927,0.4413351776453225
1.7694219955008652,-0.8010571836660463,-0.20309673592211958,0.5455890393125299,0.41231439355469457,1.2485492576531894,-0.9691351015506655,0.32732336435381876,0.15881649851432966,0.5339776783736208,-1.1441385134286621,0.8947319997958587,-0.4206614109571583,-0.24815672429572505,-0.5541247072317551,0.7228987888091569,2.9728668350704632,2.5201262664165514
-1.0137727799579033,2.3080568626910796,0.700751376852667,0.024236885896471824,1.1965782047286917,0.09745051953553276,-0.17568166581769518,-0.08330804653028642,0.559040183026651,0.27985740104472995,0.7761856640853989,0.35184900061774294,0.5576171376495349,0.43622198366160125,0.7649348512971683,0.9981042662453317,0.3339016682770451,-0.09066037074650439
-1.207142455706755,-0.2851644692302524,3.2952686507543794,1.279530307051634,1.4283382547597812,1.9049587459010804,-1.4923902266391502,0.0673992071335386,-0.2696284172430305,0.4345394058807102,0.23106615178056855,0.9904385589649481,0.1444417832791377,0.13415605164492578,-0.9836439195693475,-0.5218225760127876,0.3150121971393157,1.2480960959141336
-0.2335757506194233,-1.1667727502494174,-0.3574651551683607,0.8980413722077942,0.445936239661892,-0.21892697490360885,1.9228445600436828,0.7424812131179656,-0.8349703064702714,-0.5147032428060436,1.6615769633298814,0.4158676689432509,-0.10791756345280644,0.16289074320582805,-0.9917587339869749,-0.9781455866519888,-0.5465282899273974,-0.41458471013660536
-0.9183001046156094,0.9709240322809984,0.19393438041583558,-0.18116103334555672,1.086972392237559,-0.10212328673209783,-0.3485223055090718,-0.18250958799375158,-0.5562320308672308,-0.2982040661470391,0.5262744711612142,-0.06671370420811591,0.34223623622253024,0.2775082987148381,0.15946891319458187,0.016010563463421595,-0.47479702868585716,-0.6241835334282775
-0.8284933026712992,-1.0558615534740492,0.11136425510487648,-0.0523568259730812,1.2667658205856553,-0.16476186265117737,-0.10971299556852272,-0.8191381293983045,-0.27286626493152066,-0.6465704268615072,0.8434306800614976,-0.10238631632077777,-0.0024149818686950717,-0.04040760432868951,-1.1537105477780483,-1.04498687563269,-0.3345062040373763,-0.4887473717612191
-1.2436540082917142,-0.06155254574978269,0.3625555043612443,-1.4840199756567962,-0.391204548965331,0.4148162768287868,-1.4754763846279755,-2.025128336797267,-1.2935039365168415,-1.6682860629825658,-0.022024967545533368,-0.6118803707333333,-0.08520493487703742,-0.3899323571775424,-0.9351932619174556,-1.2512843226509436,-0.9690059722379147,-0.9814744892545906
-1.17526684626172,2.756556304515403,1.7068951012897924,-0.7048048666295368,1.0950969644685076,1.0570939745468029,-0.9130988428407567,1.4255650866571068,-0.24344589172760142,-0.00479075372479279,0.3505215077487804,0.9213196911945744,0.4264165755744371,0.4292223571639284,0.2172505281367138,1.0077639932601965,1.2726532967463093,0.38440916390412483
-1.2768198798149117,-1.208830996997398,2.221461313272801,-0.6816345797174177,0.5165045978310941,1.3437732843257235,-1.4309048863717029,-1.0389419716533586,-0.20247691059301579,-1.009877439544065,0.06321065053393919,-0.0807882776518201,-0.07693977541135708,-0.06762780330181531,-1.3614583280669652,-1.016640118309637,-0.4189905890610813,0.4018506261157246
1.4541507262185096,-0.09753771316971915,-0.39541827297289667,0.48412595339603026,-0.1048404024572307,0.3751351890435294,-0.8079959505568078,0.29882589598614123,1.3607112968649633,1.582414662009777,-1.0542999855330162,-0.11577602773349689,-0.29864756419585897,-0.2907130413148195,1.0804461636098759,1.335062638893128,1.191855432542091,1.6653308125849282
1.571415506396097,-0.7840056572622232,-0.41193327390877515,-0.2551545939543049,-0.06600169390100173,0.2930393253303442,-0.7862610216755676,-0.31621160538953863,-0.09654495344902263,-0.15529239112252147,-1.2722436611308832,-0.26903329369717305,-0.3763639339496349,-0.36209772659584394,-0.6108997381427665,0.21623305787415403,1.5339935977819354,1.2388235340662606
-1.2218690648037989,3.2686275607217987,-0.13835337623008523,-1.3859909662940295,-0.5301118768052463,-0.23573141655525232,-0.6609050424546866,-0.7161922801040475,-0.286833987476593,-0.49367638530017005,0.49984852060910023,-0.12450771697946458,0.4128923549295814,0.17786075208673263,0.35474549907435377,0.008672028473636314,-0.3720643660700366,-0.6667439663978053
-1.1594592573541138,0.820090425152028,2.204953415918886,-0.5152268380371137,1.6145916942610627,2.2628801688105473,-0.938978742650555,-0.5498788459274824,0.4176450474417223,-0.7007529143617945,0.272201473667829,0.9178315486116966,0.07342652810209434,0.15817016372676526,-0.3629375571170712,0.2933956714509093,0.013705386709817342,0.7283513253171422
-0.337642111435245,1.135981734764973,-0.46153606456420404,1.119422076646311,-0.7261780127119999,-0.5487792011011655,1.6261875702073916,1.5156778258641939,1.0944571120872086,0.8719455104512428,1.796282361023378,1.3671414387096534,1.158693029513676,1.165147237985162,1.8224374175400169,0.8806036726607236,-0.5872527229613829,-0.6411933886107423
-0.4449425878797333,-0.15485059837688506,-0.976106280131568,0.4698855001599663,-1.359092232974702,-1.2778357051367295,1.7935553710936114,0.05334011011315779,-1.0111056345494536,-1.2695782256867971,1.7455811673708954,0.08978561797950449,0.47013982078186145,0.5013093021139531,0.18025380205930874,-0.7312234232747193,-1.5545046885448321,-1.5057783421681943
-1.2941797094811565,2.111238589946301,1.7197730682603263,-1.0961431093676843,2.080902139685489,1.385828219765106,-1.2085980647365009,0.06940159996430052,-0.5297412047412587,-0.7250024939994989,0.11957792900456972,-0.19948588049670155,-0.0668568894708186,-0.006600561334164356,-0.096776450521388,0.23558817504943724,-0.02914261126178105,-0.30558241844114614
-1.1272140306841623,-0.6556977389087277,0.3460311478272025,-1.4634578527825,0.23063883982952518,0.005943309603531584,-0.9015503995314691,-1.4095248681628,-1.2204466130843317,-1.5681536951082278,-0.07995819175488576,-0.4868673515906113,-0.06192065354995679,-0.26980367512313147,-0.9932465088032884,-1.2084238073794855,-1.2045694328945666,-0.8496326704184672
-0.7121108154622156,0.9963172662597378,0.1239953343735065,0.8518941101667296,0.4561300287108485,-0.5099280705463051,0.805748327387311,1.2453957205645965,0.421019153850385,0.3076376620233913,0.9445861277409939,0.560216757498832,0.7530646228888697,0.7001381741424295,0.8598470723636649,0.42744450797291134,-0.25453041718271163,-0.26864124836385683
-0.1422455030205688,0.7773655216923387,-0.340964375297744,1.5421871994838043,-0.22657832848389817,0.11926952253911974,1.445450814095002,1.2297639259354332,1.0824867452137412,0.9835756239628796,0.9998493485837278,1.2286282522919416,0.7729207602115814,1.032664896050089,1.6285869375298807,1.071732325805293,0.05679543426505942,-0.28815685844324834
-1.2354875427275058,1.7207895727406577,2.746647776479372,-0.3486933848586897,1.6699818012908971,1.764671596152695,-1.1655924153722683,-0.7213291992571169,1.3353646020253314,-0.38480308520683476,0.1518959486328498,0.8624092376003166,0.3248028010341642,0.03102234657399122,-0.11880277888183352,0.819123656413108,0.4812603436277666,0.40456161810756525
-1.0695540118357776,-0.19820957375306844,2.0839340063700376,0.2941802412668303,0.9730204406790781,2.5012723471806417,-0.8783661611824138,0.1649316388411662,-0.7397783777773327,0.09891078861858009,0.23505271560823338,1.5973216745123469,0.13917437982234682,-0.051426246212890395,-0.759625819968742,-0.31359903327857747,0.9026284277701492,0.4800084318027683
1.242783888958199,-1.0581287864885536,-0.8973821605978265,-1.1528748114552319,-1.208334156951698,-1.2149639102769096,-0.48385829180402984,-1.5527218709394919,-1.1714351663257043,-1.3007299694971153,-1.4348206825140015,-1.2959044067300904,-0.4710622391164208,-0.4564463568458596,-1.4025932570514084,-1.5683920376109715,-1.0496601999597814,-1.044266292649126
-0.47420684444131284,1.2511386481115163,0.006181211141031151,1.208589202788044,-0.1289087042472852,-0.16199632524445232,1.4578946604916274,1.7341090953776896,1.03950406790684,0.9629110281190714,1.5976739791401415,1.4623231451509622,1.245382780516415,1.2921080014570536,1.5554783816423683,1.0775802761770985,0.41440982073951965,-0.16378951332747246
1.6514226157872962,-0.0811428271778736,-0.2157260219185905,-1.5709653110548238,0.5442849580550418,1.1053549897671147,-1.0630816784987758,0.9500196135077422,1.9219301832828988,2.17754679181023,-0.9792593890007038,-0.25807965709817027,-0.1284224779267853,-0.264027847975589,1.2353639794960258,2.009425859200817,1.9608417618845602,3.009090911260043
-0.3438327843386894,0.5357195491750579,0.2436393667323315,1.4098457778600408,1.337779356028405,0.5119967118016922,1.5647939788539256,1.5667386367486253,0.6465492417939487,0.726962091478682,1.5688604616658963,1.296181453931229,0.654384102287245,0.7978140547613719,0.8922764267162215,1.1963164638783457,0.864918277551749,0.3649411757589449
-1.1924055724467035,1.4935424472084864,1.0443304507963542,-0.535080415465036,0.738801392126722,0.5438962872986316,-1.0665445433310778,-1.07851929414785,-0.6374530709141426,-0.7705722042359993,0.10001216580917961,0.274942646134657,0.1004812896586705,-0.03644878844215239,-0.22966014547745828,-0.14002597147589668,-0.30140540120231,-0.25905631359177345
-1.2281637394350275,-1.2631854412842403,-0.37335475591408696,-2.0816409319871068,-0.9844056861150464,-0.9550405752700792,-1.540781333148462,-2.145169060168946,-1.646206783491224,-1.837157252798299,-0.23914883793634636,-0.7921430343793018,-0.1313898464128121,-0.46263111258784645,-1.333482035061012,-1.8422319190701544,-1.525528928221306,-1.3876731735597923
-0.6921461517348243,1.6665218531604302,-0.5775074755411939,0.29762301014535303,-1.0246665883941046,-1.2055658657655768,1.0316007000815635,0.3053330720500987,0.6478448495472265,0.32560257279520827,1.3222994830832293,0.3559843427473107,0.9888262865204976,0.9719518167771708,1.5125770067260116,0.5799782796726746,-0.9373752169227957,-1.0755259751545552
1.193530190906347,-0.3353572486810515,-0.29277328601956126,-0.18125297203242524,-0.07727083608528358,0.38273601969202126,-0.5517057018925093,0.11000956547515281,0.5453553237665586,0.9013781573861214,-1.2485176859784288,-0.1330138974395151,-0.15588709708537576,-0.09479989465553973,0.4396066613616349,0.928457805358713,1.2183825990680182,1.6902865800287452
-0.8396401519617773,-1.4390544664841634,0.7820920611838835,0.432298295986321,1.8225183629662303,1.1358496260761262,0.10183437554073159,0.533651330863512,0.39186523286427033,0.27236093996915867,0.7762675176170718,0.8811821151021595,-0.06432414949191345,-0.14429715338678556,-1.5192613505638222,-1.045392790065834,-0.13461883333896332,0.2715344890870888
-1.120810363839171,2.6562610783423652,-0.8291541881233038,-1.534572558064267,-1.090295082278528,-1.3158971112146463,-0.43471050278288853,-1.0659192086538245,-0.18355157978342626,-0.6773816523805362,0.3111183521242434,-0.3731548190204468,0.48971797821869356,0.3543089340071841,0.6078318344327135,-0.09947382416822265,-0.7112599048768327,-0.8640685923160624
-0.9620120707272374,0.5790810114917414,0.9224984526367461,-0.40033701642909675,0.37264066942646146,1.3010059050815947,-0.4898513382968866,-0.31411777049297,-0.07782630003294305,-0.05819835586634017,0.4935849671330343,0.04581892194176355,0.3384167762219755,0.015434890081027448,-0.16295589011683337,0.27903516156694275,0.40307616267183527,-0.07472157235542876
0.4593583270972404,0.29660099847878113,-0.335001668911399,0.6039796576720222,-0.08927869250445031,-0.592973078636282,0.12145866874999107,0.7381326321567527,1.2218134616274232,1.4115942681268498,-0.7334420807873695,-0.24348321199307577,0.2757991658825428,0.3668560235863253,1.2657391241105576,1.2410451837243919,0.5992087084963895,0.296197397552627
-0.520360780104191,0.7342537668049681,-0.22521894441546977,1.1139043351820719,-0.4759983309082756,-0.5438849460502595,1.5567459298325574,1.246992338218331,0.40682742657738535,0.1352242131205863,1.5598823594326259,1.0268427609213975,0.9538560717112549,0.9163573044834897,1.0566338917388172,0.5235507545031939,0.0688763021037741,-0.514784131440033
0.1644657915210423,-1.398359787671983,0.09069145535878456,1.2117864355749655,0.9348012294662384,0.87502910678856,0.629443774262002,1.0709392038413637,0.11703674665861719,0.4476965845091358,0.08006076486893553,-0.21554109942406552,-0.23372258258283155,0.047760266984194256,-1.894143768398785,0.08812069516990702,0.7302785691293466,1.6981432660530615
-0.9289484043568718,-0.249778027840174,-0.9356297712244899,-1.6403508279391334,-1.1204098003689518,-1.2081688648048252,-0.5177633559973717,-1.924220157013645,-1.609274937995604,-1.9474952898169176,0.32500608370076506,-0.7078153262559966,0.07343952093597524,-0.073951634446117,-0.5857164841690171,-1.4532755539499058,-1.70588396604453,-1.671725770850743
-0.25076518014194465,0.2402002819244307,0.30635245041223963,1.450072693072123,0.806751205974073,0.80036551163462,1.2862759169485296,1.1461282117074467,0.4606925845692692,0.8855805017753429,0.8378793056253809,1.015789403728563,0.7681678058104863,0.46623337186956604,0.7336543759520564,1.0274834061613944,0.9451796431106282,1.2894796762401866
-0.6901213119540566,-0.5999404154021949,-0.704102689532728,-0.5289451491410648,-1.07959853713487,-1.1085906762395061,0.5590193444980744,-0.9966108440014647,-1.3926203682087903,-1.7442652886122723,1.0009605414325393,-0.29663529753959506,0.05834835134192027,0.062225821413549966,-0.6203446575976732,-1.2041351797245508,-1.1922320725323257,-1.4273310699196646
-0.4209421680466858,-1.091431607443652,-0.14425016943858238,0.9643906476258285,0.2133187127254437,-0.217204432005059,1.7802470411593652,0.685023540308165,-0.8884727240980668,-0.45814859756155035,1.5399817592986624,0.5759362644943611,0.033032751516808824,0.0421419063053468,-0.836136161802671,-0.9355760133941375,-0.11005944240905655,-0.18544038955120495
-1.2723734566181146,3.2130796542502575,0.8914904346310465,-1.1688077646221202,1.3357485711881616,0.6072890987348979,-1.0478768673315648,-0.7281571071654842,-0.5519073264954883,-0.5086189498551026,0.36842463115631785,0.09042553357266472,0.2917105694801527,0.29391683761659304,-0.04834002585147393,0.5615943526036805,-0.1834460288624093,0.0272663889772837
1.0645908924033824,-0.05291909263910744,-0.5626550881208227,-0.3550387290957584,-0.5152711962798777,-0.3617253694054828,-0.47034385601417916,0.17917024392825578,1.1603894032278743,1.4190520310046457,-1.176114350940602,-0.6357794094164719,-0.12373150073412303,-0.09989871041677341,0.926072955431504,0.8607954998155233,0.2712531680517651,0.3236636566372853
-1.2530058795855772,2.374043339641127,-0.9665083400027048,-2.0608895561733003,-1.304792356081314,-1.5741593541709464,-1.0754710238552916,-1.9367438131331036,-0.9444857620621498,-1.1949874229960666,0.012411697659766597,-0.7699631956568488,0.19935612516183146,-0.03740791198175125,0.036054462635921325,-0.9562031706639753,-1.4190462901766656,-1.3919352559485565
-1.1847209227084152,-0.7522274581180707,1.4061651326290134,-0.20061303807137054,0.6723549492982822,1.1612696929095296,-1.3375150954650736,-0.9532439071109536,-0.34779094007299755,-0.1262348165607235,0.1490099711496844,-0.27148579386328564,0.029657204284274163,-0.2614044174919759,-1.0880677632771412,-0.577887899025693,0.058787603821213334,0.024321737345281497
0.5360691955474527,-0.6839148546609661,-0.53157305940989,0.08258919532319658,-0.6651316525974799,-0.4446348267010456,0.31026256646994294,-0.349268419935528,-0.7574503498027528,-0.5588279879697403,-0.9897482714481657,-0.8143357382983101,-0.06096392453365034,-0.026247020663581724,-0.4730450166284764,-0.33425498554729455,-0.16440158675087363,-0.21309262352452465
-1.091346690576959,-1.1303014006483587,1.0170301272396014,-0.4554508479822451,1.5247311341154968,1.258187614177394,-1.0066805419987621,-0.9648123182043186,-0.9717295082248005,-1.0784839139525881,-0.005271977463595858,-0.2881700943019872,-0.13417423789296073,-0.23498394828174415,-1.2250787924726658,-1.4743361976116636,-0.306266848214741,-0.04027756117225912
-0.9244832169327969,1.359292557309495,-0.3496441322784791,-0.5123307727768026,0.1974938848061339,-0.7862593547522684,-0.15248123049663778,-0.6012827277017126,-0.1762904602264116,-0.4975081185384646,0.6934688607076086,0.004695164896054895,0.4455459073396653,0.37975939500423483,0.67659324954136,-0.17732917354649227,-0.9989305279601608,-1.098415486281068
-0.5969710653095139,-0.9547334714888315,-0.612166998801522,0.22815139385540706,-0.7203507894950533,-1.0783334138813658,1.0571593071656344,-0.3612330218471922,-1.3914450706224633,-1.4888962101137906,1.2371588107599312,-0.06065620309953361,-0.03658981034119325,0.011678333149319712,-0.8457198811465988,-1.3099149771699459,-1.072569473130394,-1.1330690276758273
-1.0060569895871114,0.02223995520830462,-0.8565804021658923,-1.7102562538895585,-1.3463284989970472,-1.4840488407687427,-0.7388115669214395,-2.0900733957377136,-1.6374660735138895,-1.651441230470631,0.1933439271075636,-0.7202085386741824,0.04159635604956124,-0.13982039025033965,-0.5695368770526434,-1.4829077514993019,-1.7025801555313607,-1.5984227630555738
-1.1448507075600438,1.6003370035410789,0.23404854408676634,-0.9917457960980057,-0.30174016052676905,-0.1772365443898184,-0.873427572057287,-1.1171155118263951,-0.5582255431953602,-0.9651705162206379,0.17769512744978627,-0.12443799576685263,0.28674735039155014,-0.0200952890785733,-0.07613665356391522,-0.5232043204194964,-0.7862239522141745,-0.7324413362055835
1.4387057460220753,0.2272909899101051,-0.44725307580768325,-0.11326912546530309,-0.3391474177234486,0.12028163734669395,-0.9898081034783923,0.5979672054644227,2.484301418171469,2.4309838787104616,-0.8370721217765558,-0.07383957960288197,-0.40438217391685366,-0.20922589693530486,1.8850497507653896,1.9175283837765384,1.1817870493493356,1.1329583959852896
0.7564358876969431,-0.25742722529239465,-0.1819034702098519,0.6810918967576814,0.4500239698936546,0.22113092616819885,-0.17078853704551117,0.6557306560841277,0.6670676178926229,0.7109789742531488,-0.9753691297455523,-0.22137951675432746,-0.05407376271128421,0.05932906790093199,0.47297886326499117,1.0290585328966126,1.0680540374798226,1.3211324048755047
-1.2920652405722215,-1.5362600411477338,2.5331701111316223,-0.679635293842697,0.634339571229651,2.103991422678491,-1.4691824673400915,-0.04018288167041485,0.09611057406558686,0.4713477459993003,-0.23385437683188118,0.02927892188348654,-0.21124242990347075,-0.2794599204326193,-1.4579299283620237,-1.2844033309984548,-0.34230604134867604,0.34481521792543934
-0.31263368829190397,-0.5603565128986381,-0.8232645123981047,0.7363327047494269,-1.0530168584220303,-1.2766815705143761,2.2836475834710703,0.26241390422851923,-1.1387186091489396,-1.6646508276722902,2.0849587835654404,0.42364932667052796,0.18673808356731977,0.36316521516011996,-0.17439173155413343,-0.8878803501049841,-1.2339508243216304,-1.2315467775798024
0.09632447954465344,0.4288286141069804,-0.5724718422064323,1.1993339596967492,-0.30345937205206214,-0.2682639363341361,0.9285963609522574,0.8970444613712272,0.7941275887647997,0.6016596931032777,-0.020131610353046628,-0.1081924041459309,0.5132664234985254,0.5842262658187449,1.2200306587974912,0.5705603324844128,-0.4636401365856262,-0.38498123361000625
-0.7919908670804114,-1.3803826494290976,-0.028364223866508192,-0.18438268601497612,0.019267872377808637,0.020676957639030477,0.453176980809747,-0.45054461679684343,-0.44215091736489504,-0.5717480506267653,0.6728964394942362,-0.1879768240537,-0.09130238689624291,-0.17895984029103376,-1.3582216146173602,-1.5167153364250439,-0.23652361113811526,-0.8105994945014098
-0.9048960834696516,0.6460970524355364,-0.1036459906748441,-0.7158685444428686,0.07202830683818308,-0.42476795883624263,-0.2605628757550575,-0.5547050376676638,-0.7150626045544473,-0.6254776176064685,0.56176933810673,-0.1393192668682429,0.341823916346965,0.2062966752474705,0.09276274161531076,-0.4181977763432332,-0.8804631090049483,-0.614257723664879
-0.4894291242009736,-0.3481467073694665,0.5775550739160177,1.2052885204484198,1.819249763511762,1.0587476869912995,1.5610177254006556,0.9691617810022938,-0.2699244015902345,0.22237246243520134,1.6336026890295412,1.1988899089759761,0.36703926467757186,0.5957068458814273,-0.14529996560049843,0.9479247181747706,1.2127374674988156,1.2748054692730115
0.18640179701951567,0.15197839796456994,-0.73730647893857,0.40368308441637746,-0.9544021393913794,-0.9266223891239871,0.7998630119099831,0.2184600558072845,0.34980104525464467,0.031867114864769355,-0.6373215741873749,-0.44696035181923294,0.42293696119994445,0.43014332856621595,0.86539414684229,0.09070508201566331,-0.9491713058972083,-0.8563641507945019
-0.9896747586953383,-0.5214892457988489,1.7543545633297317,0.30630363165636726,1.2645802664310712,1.9777816909441008,-0.4724351650199234,0.17482848921933877,0.6679510254277031,-0.46754157837902144,0.44306201945176654,0.14096366000793054,0.023656862215740957,0.05473721174133375,-0.7830401055151368,-0.5484531149833891,0.0968420832411962,-0.01623496606781369
1.7316963418918765,-0.4765343644766356,-0.646862971361084,-2.1168033626307055,-0.6024060764802708,-0.25198009612442634,-0.8791893106388274,-0.5818462136325341,0.43521569929324333,0.6480962403471716,-1.2868678645051737,-0.5882543718482419,-0.5548922670106083,-0.4453325704603287,0.2783427370411877,0.3136628377296588,0.38802573733723905,0.6321696858704959
-0.855420586387555,-0.9893782416213672,-0.9556702270638135,-1.3131613254641876,-1.3952256340884326,-1.708149014847779,-0.050138653560933034,-1.6955206857644964,-1.6995354554629256,-2.0321625769235085,0.5531727617568375,-0.7176083223620237,-0.1363303579320843,-0.196922193734751,-1.1041174619107843,-1.887874395156004,-1.7230456894060702,-1.7432653806671792
-1.270893933478285,-0.004714333280597465,-0.2744137239506999,-2.1277266129060837,-1.065975106242082,-0.41981735665558084,-1.5918672303276795,-2.174570600180431,-1.7645014996132407,-2.0046495057629943,-0.21760688239054035,-0.6100230146848845,-0.1023244709516694,-0.4926729631355908,-0.9088795281356727,-1.5782619417501147,-1.3511040566632109,-1.4737882615681042
-0.8229707497925,-0.160368027638577,0.9170297093222256,0.1139005185695926,2.0360020725733152,1.3904605074945995,-0.26114342875270324,1.3768846975510947,0.29713862316830025,0.9018626886222072,0.6174480272607387,0.6023864727047756,0.16895907763029586,0.2709540631291649,-0.36835444634583026,0.14591793647537543,0.927480267068282,0.6119093285002372
0.8061413463729121,0.07927076849079043,-0.9170353322067902,-0.7663871058242466,-1.3610681285969786,-1.3162313505032956,-0.2547436787548015,-0.28096560881557237,0.8620203459248716,0.5304833307617115,-1.1248377477424971,-1.207452567543561,-0.046403863660897764,0.03126315198119471,1.0659481830451172,0.1704487801033386,-1.1125318741064674,-0.9099374351515864
0.3906424479939744,-0.9105389526423293,-0.19984871690328868,1.13353895676343,0.4840014882626123,1.037188376723689,0.5658940540462335,0.5388781690611603,-0.39535394590702067,0.12358369773707846,-0.6924163270236124,-0.061732112370813656,-0.08653144762916172,0.10647320454115193,-0.977419448487061,0.061653048185465416,0.9624885453710381,0.5893018148361406
-0.92626780848047,-0.8638724296253382,0.8167086501724025,-0.609871734771575,0.7790505224498665,0.4929157671780188,-0.45259774298073924,0.5984930224658168,-0.24512342431855044,-0.6306969171942082,0.46720018869387153,0.15317097398308646,0.028573456491509323,-0.1695777825945698,-0.9459515228726373,-0.8606334278133904,0.5865610769985199,0.12424241329765617
-0.5298366462602881,-0.6884849701008452,-0.3533114363998425,0.9446275977594328,0.043497893358319835,-0.6303609113005563,1.3664198782955597,0.055040034791534874,-0.8540930793805187,-0.745271186464326,1.4103978855417958,0.17233857701944097,0.1542607178711009,0.21485481261109277,-0.5119329219327273,-0.7811380513227336,-0.40751693906998065,-0.7553576552003777
-1.2845666205559294,-0.25986833852871855,4.252902159926342,0.1238773080278259,3.148731615224626,2.905109204077302,-0.8029000421388232,0.5992604877948772,-0.03805988692700591,-0.2624360170910714,-0.14246706238837992,0.3876417552922258,-0.13201890498825983,0.08105722692122729,-0.9892230891716729,0.09090892157449722,1.5948780416733324,0.6097581726282182
-1.1433647217408724,-0.44833458387461605,2.3328483421363977,-0.03610842141463784,1.7499618999399245,2.991850426958417,-1.2559088795672733,0.18323657485109404,0.40779346920959597,-0.6263778941107778,0.22013613200247667,1.1478315845668123,-0.030573488258026606,0.20110493729357,-0.9624002261442958,-0.44066311170013384,1.8685985810627364,0.5261371745559434
-1.2902742612024964,1.9899364613105524,-0.032081308666955,-1.887677773780634,-0.5041737192157233,-0.05589972600157083,-1.2075506122703636,-2.164808174608306,-1.3129971119208976,-1.4783786989437624,-0.05454773736544818,-0.9390074694422131,0.028763721998341447,-0.001022319407817403,-0.4085353621376855,-0.8659776746414406,-0.9996994667687943,-0.748991468663289
1.9966898123757546,-0.4829569519604418,-0.9939533556002947,-1.2323424890356027,-1.3395956159895746,-1.2563882126623653,-1.0890874897909102,-1.0544013167012676,0.3527732988205639,0.00034530576184820097,-1.2654138613771437,-1.270064530875408,-0.7587439889058317,-0.6843881950366245,0.38018758876970443,-0.3469897372962226,-1.006093055542385,-1.1545310664189357
-1.163345529690403,0.6935747292819572,0.4748495675026463,-1.1278891557889155,-0.17728243683530986,0.3934688761630301,-1.0991288598885742,-1.56386827110273,-1.2392169251195213,-1.0739535911667968,-0.051581666148999394,-0.3099372364567257,0.12192477846607033,-0.1662215339964289,-0.4554266276580331,-0.8590633426455934,-0.6412567435707195,-1.0824701134580126
-0.7542659932348573,-0.29295849669774154,0.23049160266052782,0.3209537918841803,1.061529690814297,0.10330094460737771,0.13208784535415907,-0.3850818761108051,-0.3939678673568422,-0.7215949352177065,0.8867756503026322,0.523887192715423,0.07014674947836225,0.18710400175668052,-0.321368313822099,-0.00655156483327465,-0.04666706645220643,-0.16293862206776089
0.03266185425691039,0.20202275406481107,-0.39380152691079234,1.4989954130383012,0.25294096510726843,0.20363069236697354,1.2641082005060642,0.9861026569042277,0.38978046408203215,0.5874887885409986,0.35461205246836086,0.8126941762354263,0.4560090916009399,0.5541900841894902,0.8637033337955016,0.2841104544809059,-0.23659117232692006,-0.2173285788801297
-0.05433428103208511,-0.4076349311814355,-0.23380797433615563,1.4306356744790985,0.1744025913824532,0.23803111547779143,1.4574173150399419,0.7945526346417108,-0.18576375476127296,0.06872123108130737,0.9400671525321691,0.5420385811405266,0.30828332238407286,0.35544162198141516,-0.00041524490141511345,0.11360161063772346,0.14275668260359978,0.08876955128155412
-1.177069419154183,-1.0428539098167158,3.1829954952201653,0.3908526527127918,2.6024649605064756,1.9071051340420575,-1.197154511960443,0.07694822030553765,-0.538482564910359,0.9627415305090636,0.39767495738638114,0.47292824945681583,0.10257088633093044,0.10511390112580904,-1.2507451805188046,0.13868843112576018,0.5895567611315554,0.9250141027215839
-1.047307791490796,0.42113603227146773,0.0747963566352374,-1.0342283761773758,-0.4143386336682055,-0.057920451072686306,-0.7317711877970867,-1.31908726680617,-0.9408674981286204,-1.2310436825698785,0.28814334152222304,-0.3715018326224915,0.09633538871193682,-0.02815056201294424,-0.4202691351138976,-0.8099383854217395,-0.756763717122647,-0.9919020372193922
0.36131792507610144,0.584107318960176,-0.9232649303154805,-0.6730798358212648,-1.2495140683685972,-1.3261720249720854,0.21367815890928607,0.12703909846407965,1.2743115563066423,1.0338512429493674,-0.7124655771358273,-0.8719067736133965,0.3153211485153633,0.3508757792132852,1.616015738099122,0.5103191152910848,-1.32331012475994,-1.1556421539157817
-0.6382989078404859,-1.2302277469657152,0.3259878283129583,1.1207839210946742,1.7592923415658415,0.30304335714869296,0.6432959460063881,0.6019945214230443,-0.7914305833324204,-0.6193693722845423,0.9897763423953353,0.7929726100935177,-0.1582569818096541,0.024830522429210578,-1.1892104585622432,-0.4653983003763551,0.4753447709261834,0.26800938326556195
-0.9910584645043878,1.711983228309701,0.588457313711265,-0.3255102210135667,0.6435148397513718,-0.11447201027382858,-0.08687387045122685,0.0401404686506114,0.3899460172764013,0.2063058455257791,0.6228013183429709,0.19948071436298745,0.47470545895707095,0.3300802569795975,0.5351163446955316,0.47807498597870035,0.20259342792659193,-0.23221111730436722
-1.2782878655749708,2.917339896225642,2.611265216128224,0.11019389191833466,3.4447157719740296,0.8598935209538455,-1.0763210239554422,0.2667074095743257,0.21109214739371157,0.15881676920444526,0.25821730850641705,0.48700080472602836,0.4280732721313734,0.11987319535847388,0.41493156419546745,0.8348773345812192,0.4777264719711063,1.0727415567720078
-1.027223979910677,-1.4040715899368597,1.9473877514009799,0.010985211834211426,3.3669450399578205,0.2911595152076467,-0.4055377362250199,0.3420679987846637,-0.46291035833793914,0.2683430176402995,0.3111682508893791,0.41495231564169266,-0.12516521867782068,0.0480507244371148,-1.2921022727374714,-0.7346900747731325,0.8688341640192548,1.2322924585411315
-1.2233486503247033,-0.10453010376118882,2.427353548598238,-0.4887720290506331,1.538283827605814,0.4590354811395137,-1.5303053458695868,-0.7157926548585535,0.07227883697410731,-0.9168464477755089,0.019750550916779307,0.12675720148926792,0.027438211258620608,-0.5256288399838411,-0.8366194878944659,-0.5750140732434714,0.22649444928586066,0.30772893714677835
-0.732655891423186,1.4038503506044486,0.3496556914434389,1.0086904961570415,0.5974238995660213,0.0982544963576295,0.41726409362814476,1.1946450455038362,0.6539549082839002,0.687297723910721,1.186402063086391,0.895819986220188,0.755927857657191,0.7061194952817703,1.080915512672819,1.0650766694006601,0.4317853895398532,0.31211396771290023
1.9163113609229225,-0.23128769375931624,-0.797837261611531,-0.9095337625465372,-0.9146755725189453,-0.6901258940442232,-1.0966393824960228,-0.5124948584329426,1.316116573756438,0.9223341672243923,-1.1317798065597937,-0.8340326355279518,-8.959809914205607,-0.5838425044025852,1.0298687619471627,-2.014614676856846,-0.4185727374374295,0.13223127457362208
-1.2955570898492286,-0.9233185614797871,0.5538689096785799,-1.697736170801,-0.10717863252261002,1.3646910810769917,-1.4544383905622564,-2.285221029220107,-1.767561722828452,-1.6871344116905025,-0.3604844492375387,-0.7279877690394693,-0.10551199375303387,-0.48483577372483655,-1.3405217489892536,-1.6776285163472189,-0.9713291368755745,-0.7917335810288701
-0.8869758534185999,0.07155637207482773,-0.1564833647092451,-0.8415065382356058,0.09485506302762148,-0.7378792862354286,-0.3973222274583237,-0.9231781210040223,-0.8348369767458066,-1.0195428035972587,0.3355653455390815,-0.33523853890144134,0.09234920270410227,0.07165437123934992,-0.28813944490203547,-0.35441932847860674,-0.4867018682479148,-0.8239122533745061
0.11264258892971546,-0.757774955861164,-0.4723955994596625,0.9997692614383239,0.25912767125691505,0.1668287227781559,1.1823660880141387,0.3329055392334042,-0.8553629401673084,-0.4782626183059225,0.007373194750661755,0.2588657710082489,0.12316492364897086,0.16906655309758403,-0.5549521867434655,-0.6972801540163397,-0.20208241264533466,-0.26379387777219515
-0.9670339655764956,-0.6415755934275731,-0.0046747511114437375,-0.8702680090083065,1.1802922167247898,-0.18347635005761295,-0.6616682080760335,-1.1202940941298578,-0.9294056154030876,-1.4018422718202856,0.2834282598050411,-0.2570379092385158,-0.036402890296563586,-0.1706359774272504,-0.8537930554726345,-1.0670673218503999,-0.6011648819091369,-0.8543678849966455
0.22861046032562818,-1.1356886082224444,-0.8433080543337022,-0.03330844864382975,-1.153800893582139,-1.1246686458946156,0.699709560705121,-0.46025240150701235,-1.355502847694125,-1.5607571316797655,-0.7358480277190638,-1.0047017730531662,-0.21298221944821955,-0.10248626916369692,-1.3043139960633747,-1.7276558740642363,-1.3401263616828982,-1.1655270052730473
1.4110790394578756,-0.8314933699905835,-0.7626696445727915,-0.9045512951787429,-0.9506568488810233,-0.7778803202057673,-0.6694745754247613,-0.7121847111735745,-1.0248214838699505,-0.8588699999633489,-1.4003662797103191,-1.1630021803262944,-0.5209343037993547,-0.4254901186518832,-0.8798951017009524,-0.8764903065261892,-0.5516949266111952,-0.2837286119265105
-1.1980149878530062,1.9470928749797114,3.0565216676820675,0.9117837053122293,1.396015209998301,2.9994731054613415,-0.5438931481744474,1.2292184656601106,0.31428733389066466,0.3835501147764547,0.5691762697083395,1.2480249020765515,0.18498863591135198,0.3904170863855725,-0.14842173347237486,0.6891205694583126,0.6035825744596093,1.1457957096367304
0.8267107072862737,-0.9970363489785296,-0.08533630659440795,1.5607425753931825,0.13909646455400895,0.8588466139974583,-0.051027725361449255,0.8930537786320056,-0.1190359923562754,0.2086255811824725,-1.196657438916324,0.24125011370555385,-0.22717579009890096,-0.12700704835366497,-1.0200245511688648,0.3690109132135765,1.8919383644868135,1.978293587372654
-1.1938914709323702,-0.3793911934165205,-0.5884808345640842,-2.263085407485062,-1.1791643563094991,-0.8103945746245514,-1.2790476089947223,-2.462006897772283,-2.0755580126113893,-2.0055635042602415,-0.11530692484053896,-0.9225925236950054,-0.08139385526015215,-0.4487710759654768,-1.0263442133043146,-1.681113787704295,-1.587107376592285,-1.5206965474854075
-0.4044069101405003,0.10544420172261605,-0.03706714742129906,1.0217046616899088,0.19107763113456008,0.15022025853158635,1.5401686426829404,0.9465982675062465,0.000817412104942513,0.1344947729067675,1.6211174391913448,1.3163116479621966,0.5095726388720597,0.6392242507698946,0.6061802827702486,0.31966321005209547,0.3369992050684105,-0.27604579326551193
-1.2299547811858274,1.7611444316948124,0.7930049076974052,-0.719396089108317,-0.09417638298245487,0.20803943926238988,-1.0473509332413946,-1.431015539018862,-0.9825475331688548,-1.0653783555330278,0.08937718509882998,-0.3196082318699933,0.10013964052639385,-0.05013473717878422,-0.4250039938450514,-0.658122436584758,-0.4419013812336478,-0.493548388324569
-0.8410159478505516,1.9339834723750629,-0.3842604988456451,-0.34096960913900237,-0.014753331273547044,-0.8732688534070967,0.42476764234612374,0.09876228230522756,0.26900392039871174,0.14654846691937437,1.1171737213011317,0.20849618899993327,0.8167943880780202,0.8588079847034049,1.1568823026593682,0.45656105773831485,-0.6015563955920008,-0.6865099426201353
-1.1221940571720057,0.42379119373512986,1.2696456099263274,-0.14008423050832758,1.1608558186052758,1.422123672092479,-1.0701982195689055,-0.11828781007629163,-0.6435924264867887,-0.2292870329320909,0.2036792706922103,0.18892078959035608,0.1460952056973099,-0.002324392497088907,-0.5092367852175753,-0.23403105273288613,0.007876357030749249,-0.10003335391669535
0.613150071104299,0.38772224873098277,-0.6784477348859524,-0.30904036931898415,-0.7929666848521169,-0.8416109436083146,-0.14078099628771132,0.17453253908234106,1.5082600475354593,1.2215673502811564,-0.9213579810726424,-0.7603347467969751,0.11569586856989955,0.1607325448479018,1.4758225478466145,0.8512411417653615,-0.40802447623006766,-0.4977997297447296
0.9351789824020751,-0.30584629723805984,-0.8821712716603156,-0.8934822730306993,-1.318563186441006,-1.1683929634446422,-0.26711938449086225,-0.7369429001640039,0.09624860274066405,-0.08758761450757381,-1.2791312576417446,-1.2350913293483496,-0.1717003890162429,-0.06312792677907522,0.38597308020042265,-0.28846802376311564,-0.9334898462915707,-0.8482573900145466
-1.2996353929669027,1.3289928002327105,3.6742397996353873,-0.3115814426093889,2.0387863284153083,3.871162094574071,-1.4532298541780557,-0.5976344677077852,-0.255622876064792,0.19978844460998077,0.1809771230032642,0.4991001871736805,0.0811778304904517,-0.12132439689731327,-0.8185491236653554,0.30303278160657665,2.470023580310314,1.1408401194924853
-1.0029819706514278,0.14742210266845437,1.1448984324014175,-0.8089715145411538,1.227871760648049,1.865634088911498,-0.42007438396952956,1.1558903048231055,0.013267157964363464,-0.35317914318926746,0.12974387069180016,0.3838689354743322,0.1687603398212898,-0.037638959151937906,-0.5956221161479437,0.28471463736928104,-0.032990547258547144,0.4596541856698079
-0.6592751430756447,0.30213365780326024,-0.5056974627808724,0.0193708872629515,-0.20208597498251898,-0.9239269759344519,0.4560396875188398,0.12574022547409885,-0.4246692941448646,-0.5910819664180692,1.0772675665193896,0.09391027675799815,0.4795275815703939,0.4674649174567375,0.44015945689412106,-0.3319480680158828,-0.784500077931596,-0.9821909450094123
-1.0743719704755395,-1.3388978431840393,-0.7277921622877928,-1.8634887106712843,-1.2167901788630255,-1.282172134618077,-0.817001179328633,-2.045958214813719,-1.6016051229464827,-1.8075061674791197,0.1556916581325503,-0.7587266137393145,-0.1386748100119366,-0.3613040953863304,-1.3683536328594779,-1.9563888543726538,-1.6282991634052861,-1.7550462008590375
1.3140242708936325,-0.7150272440239347,-0.5748434515875082,-0.6090641207808428,-0.7453706876643375,-0.17598326580953638,-0.5890683445811841,-0.4815228101869146,-0.3971857276727644,-0.238724100467781,-1.328166952529657,-0.6010325457668612,-0.3481311941415066,-0.33518062102829793,-0.4018684613628554,-0.20320431662751248,0.19563649430115454,0.5509152879473214
0.19402859143004872,-0.9242677258203182,-0.4522848445714353,0.7506669722902904,-0.05806925721855842,-0.2579142997469344,0.8944411051914277,0.44450110543718857,-1.0812947618208741,-0.6695460840387089,-0.1899748348773573,-0.3474847709345116,-0.06329921407455057,0.009712776568946957,-0.9185309532263921,-0.6893106453638458,0.011781125539251135,-0.301839162862322
-1.251977920569479,0.4460304143800803,2.6792234957614864,-0.7006867829643278,1.7962093583707062,3.1749478486608953,-1.1175028862762586,-1.2767739134116078,0.14068810827625686,-0.5332749957608894,0.050025424747464464,0.1388695345281107,-0.1328637073466129,-0.2864869528833551,-0.3990228248056972,0.12554317545496185,0.38304868255263885,0.463056680791702
-0.2279990228962775,0.05209183779966352,-0.6666355554339752,1.0418458320563204,-0.3868997121609394,-0.5046147203603635,2.1174572673799053,0.7623944375824843,-0.1872723546750753,-0.46100149558775194,1.8917824821706606,0.5003364899893068,0.6392627654361074,0.721113540041786,0.6288714476036883,0.051683043992257274,-0.6541845635701509,-0.9095772211411974
-1.0531412610031943,2.385553517115377,2.0019073189806256,0.8337152739857911,2.533233718132417,1.29285546535753,-0.2490616351951239,1.1980612038191953,0.7252693116354205,1.5020852148832229,0.6155227376024153,1.370463831128444,0.61686871876311,0.9135280776301448,0.5218335747205705,1.2360201804372961,0.8771817959518907,1.0860400650383344
-0.9128255009498986,-0.7612513217228515,0.5329690594350107,0.2852328180421559,0.6762950117004779,0.4586878986197195,-0.3348625187481978,-0.9892034165243604,-0.5469120578461155,-0.5651034483833812,0.5615543494057889,0.1494301306005589,0.09286984935596233,-0.1089447871853934,-0.9026497279968486,-0.7982799990258114,-0.15197502277645777,-0.320116893947824
-0.783351197397649,-0.13987061997640132,0.734215600810948,1.469469350312047,0.9878134485303983,1.0807825932514916,-0.045273847078667565,0.46594723838632673,0.1429938638446169,0.19255784813287294,0.726556648123268,0.6158566949644397,0.06007134183580231,0.33739276058386103,-0.37778370120917126,-0.28365332351891526,0.19650210863256487,0.12345020503669484
0.1009798138416565,-0.6297713058658676,-0.8648934071874226,0.8840668973457919,-1.1443026083869414,-1.1949041268275544,1.1261655396378365,0.026488437853431166,-0.9532281996659231,-1.2918491681930682,-0.05919815240870777,-0.07638980211577463,0.07125158212249806,0.17406636851596488,-0.36905132222760806,-0.9354498461209313,-1.2758435172892102,-1.149100217747456
-1.2119387057325117,-1.1212781636742548,0.01657346657636577,-1.756204815512932,-0.8442342667247643,0.10875874882515323,-1.250494696206747,-1.9839767822764673,-1.2147406756569086,-1.28535476698359,-0.08839074089126552,-0.8203316159466788,-0.15231448623779056,-0.41320869799280846,-1.3454682271991567,-1.7448312450149523,-1.1526332511753308,-1.1058970962064505
-0.32116875738856504,1.011257766927558,-0.6418872249756353,1.0026865693749594,-0.34951076772620265,-0.7094849192344977,1.904196327398218,1.3298372339403077,0.9728309742642433,0.6255096378575399,1.81460726909601,0.8681990456759981,1.162100929975224,1.1929422063161768,1.6229534795127651,0.5911801543597404,-0.8650802839934706,-0.8803320916882605
1.1774073935472007,-0.8505171185398576,-0.10692644150721921,1.4071549425449688,0.18434506305320866,0.8790643630566665,-0.4490826615698858,0.30132196030077674,0.29774823655365223,0.5304404168143709,-1.1670663292439825,-3.921840030142582,-0.3378156443048585,-0.15470012568212047,-0.851051089316406,1.209570374103069,1.9702154429022314,2.102644105831764
-0.7283522865779217,1.1924294682023224,0.16224860979400582,0.911771655907781,0.9583932982097974,-0.048749363103949575,0.5553834158774433,1.1050720746482352,0.6048745641357934,0.42855953969477817,1.1873534423112653,0.7180348208678375,0.7198568357870673,0.8754781586315828,1.0082240833776026,0.7368115791568132,0.14500702544678795,-0.305444311205923
1.8555905241905157,-0.021786964409806837,-0.49023768434928,-0.25552748907451023,-0.3291161871653495,0.2610675652090222,-1.1684871990501005,0.4942499270283596,2.051950491481822,-0.5934184050692174,-0.8965053144129018,-0.14794327532100415,-8.688750378111774,-8.738326874711367,1.458436152630329,1.819668467328411,1.28507477147102,-1.4265733903055113
-1.2844527626183382,0.015783691221151076,1.8892605025239273,-1.0382070821362732,0.5228414276338802,0.8740461524226811,-1.166339088236327,-2.1466027602973403,-0.8473573839459485,-1.2720028502011629,0.0006086740208875866,-0.15845734710351772,0.04341243808617225,-0.19447178237818558,-0.7323818467246765,-0.28547941752774675,-0.29615999568088813,0.08686916373081778
-1.1369331861507472,2.844369825991367,0.41349652089006755,-0.6817059245459122,-0.35823057566592814,0.5320654163290948,-0.5141625022421158,0.2590955199720293,0.30916823617649786,-0.14380142137158275,0.5089095845238225,0.2640830619914947,0.516487591063482,0.3354321233664362,0.4523363323304591,0.44761501247261143,-0.05373655560899607,0.1467072818698296
-0.12617370842811876,0.5957142815007409,-0.06035891689574592,1.3616003766814844,0.6780586539085687,0.17549067176813898,1.4918070408856856,1.6419633961727782,1.044728593885421,1.1545693899594145,1.014347247183302,0.9378966087480544,0.9347147366845656,0.9069505992586147,1.3138011590331506,1.1545553607440182,0.2949280266297095,0.3561686814587045
-0.9522868954869412,1.6093602405151828,0.7712985576276167,-0.7098514795501181,1.582718755298856,0.148213525668737,-0.1891839775043959,-0.0477593000272429,-0.05501393707701424,0.11940962460198826,0.7444995822157608,0.4683910113980281,0.4484298208240648,0.5589510562307555,0.4976748527847023,0.3243067658750632,0.5041189141585921,0.3922153747452626
-0.5924188032622817,0.10162131888753972,-0.7805570756157654,-0.10702699206627,-1.0624144909957092,-1.300494255341539,0.8852927265542204,-0.28504367302253697,-0.6351253828261663,-0.8471353912845961,1.169529943774548,0.04933471833344801,0.43347142367708874,0.4121638406645423,0.267043539580806,-0.4856943897194932,-1.2344636405931533,-1.3274372164311856
-1.0861879347688044,0.2773672111593924,1.3077355168629992,-0.48819079443779556,0.7221356224068793,1.6561009455416948,-0.6542795257436094,0.40959242147015473,0.08091230975523658,-0.7654965204313492,0.2124157187116411,0.26203023293635147,0.18217844305652914,-0.11356188652999663,-0.4648834211573008,-0.30237440740188976,0.6451439224408225,0.27256926184921887
0.5307963385155154,0.5597971035092808,-0.7017478451611395,-0.3114168894776758,-0.9212601895087484,-0.9161468615654359,-9.440104779822518e-05,0.45201063904070965,1.667299447855151,1.2836410803395344,-0.8322283600018305,-0.864280662160068,0.2294839955628502,0.2682220700745244,1.737275330325265,0.8395166239658648,-0.47371368380420403,-0.5497235871447942
-0.5039229520795675,1.4339151211772827,-0.4201876361504359,0.964688508210791,-0.6278441557137749,-0.9364084432516612,1.6485337311246144,1.3718879709605436,1.105638714214488,0.7993706505365507,1.7223519457719305,1.014313145455539,1.116338552474469,1.3372790640146048,1.815059594349554,0.9831993392673593,-0.599438055108983,-0.6524567385892313
-1.1759909002770188,0.6320198628099186,1.1080678195604703,-0.7739943001558682,0.272506766769751,1.587632497213319,-1.414315977364306,-1.2135076509978715,-1.0731196909713783,-0.7596332371049469,-0.05149291513611182,-0.1986102383866236,-0.0174968564164245,-0.32597014847893907,-0.4487340022568354,-0.5416498091986527,-0.3183754585631404,-0.4530204988731372
0.6468412505387159,0.17564732055952673,-0.6080311154452528,-0.2730848796070602,-0.8352325483964244,-0.5833161885278969,-0.1447680968862124,0.11310051551672164,1.1310946366992136,0.8878075087942348,-0.9269954509360973,-0.683353886069841,0.1601920995291488,0.10495424108870016,1.1410652143384152,0.6975160033957902,-0.2969877865342013,-0.3244428533038031
-0.829404275338909,1.816881942901731,-0.8965384886029759,-0.7513669865812685,-1.1457357165129425,-1.477591164960631,0.337709563114055,-0.18251093968833826,0.4166746958672391,-0.053985960058333116,1.0277004387817625,-0.03530498704241709,0.8101575981513779,0.707671500386483,1.0998514195679558,0.04990972207337199,-1.3626335121356732,-1.5089838682213839
-1.1046011000723461,-0.5099790683245987,-0.7508562279020379,-1.8877493435900232,-1.3717151735038549,-1.2653594533393728,-1.0688883060612322,-2.257115662169241,-1.7913900248264396,-1.9505680872668554,0.14849712813418056,-0.8558595808264617,-0.03061935639385532,-0.32154032502055063,-0.9250635780690049,-1.6787038632067128,-1.5449133274262101,-1.6518147217704966
-1.277545855167312,1.9693669911204985,1.6505293391703522,-1.139410969205332,1.1236045356446258,0.5893897383877122,-1.0846513851122168,-1.0658178252902692,-0.40878024245942035,-0.717351779425188,0.21991535533208176,0.28944385743048723,0.23901645219762085,-0.2983587910789548,-0.27115933078335186,0.03706686546728745,-0.3332241491184141,0.001767630451242321
-0.6823946267285637,0.479835587525104,-0.5283072883868173,0.017841201029359512,-1.0775882823003224,-1.0576789722157136,0.5229475020386363,0.06283078389940705,-0.5121666313759308,-0.6913789007833792,1.0775597351260098,0.08687181568715294,0.5899922636775596,0.47526588838701916,0.5071171976706105,-0.03655003814912921,-1.050681838640793,-0.9652201195554384
-0.000123277495747097,-1.3300208706219883,-0.10079297112705739,0.9896830353735923,0.6302574854774332,0.8836023622427305,1.2513672844408203,0.9583704255578068,-0.15751527245727867,0.4222636345777029,0.9955880544928706,0.6081464954488818,-0.06868748999570735,-0.0871853360496824,-1.4782022010836013,-0.3710017469679178,0.6508592692628707,0.7633499941905401
-1.221389660006417,-0.4706488043787441,3.7443048543248945,-0.14478374980070371,2.2911153305024117,2.6518702247532393,-0.8441890934453177,0.8809251948409668,0.5284282829522616,0.46504794551271467,0.30452539274166474,0.8361166160544545,-0.07119451124146292,-0.009563232698193579,-0.9965278345232012,-0.031034507550045404,1.68305223813107,1.2761974031338192
-0.25837254284770034,-0.9801004799946194,0.13800285428425443,1.3902331351868449,0.15805720818906024,0.5128403073509514,1.7630852274284112,1.2578394814302614,-0.6677136561049811,-0.002766726687757055,1.3288759903561724,1.0005167607044176,-0.031174357373286533,0.34101384384824723,-0.7499836524456076,0.21576450635127079,1.011035818059977,0.5398610175600214
-0.9342033704965775,0.8290333163239894,-0.2967802762017283,-0.9407238030977554,-0.7822567353968382,-0.8791183455377566,-0.40383570701292115,-1.1068529150072446,-0.7997593813600795,-0.851131676141927,0.41003226149061106,-0.13618968024350298,0.34779224167855743,0.14026203163315087,0.16607639244716926,-0.3855546487869272,-1.0729589145218335,-0.9871319269906799
-0.5124507943287212,-0.8171492454875819,-0.9784935771687024,0.0011026214466279718,-1.1860045482761024,-1.5493494385883235,1.5393958793029963,-0.5904338409069346,-1.788721678773469,-2.0296009911343376,1.593475137849617,0.10247518957732774,0.04195299610512447,0.0978838017089742,-0.6632581757497463,-1.4600752050145913,-1.5344459565057809,-1.7032277612885036
-0.9961256324186288,2.125394872112707,-0.657955770650571,-1.0797654609277296,-0.7128164120553394,-1.0362921767315518,-0.08005986541251024,-0.9080839991480699,6.064917496980337e-05,-0.4134523636672125,0.8102474476356767,-0.1843204786634667,0.5774072380493934,0.4899280931738171,0.8075010407927313,0.008173561663496533,-0.888940897039171,-0.7075819793251423
-0.9534685427568437,-0.6620742445599987,1.5612149396903738,0.7825730133167345,1.1253070265673104,2.0772077231915156,-0.7578833051008508,-0.2045353732707956,0.6730583617311693,-0.11415951192984015,0.49224366472646247,0.20682264645996104,-0.1719496529730188,0.2359772207239927,-0.9198956692009679,-0.3304729460037376,0.9822055162455416,0.5615567495032079
0.8725860833790136,-0.1321638997862341,-0.37652366243789914,0.0006856106169943047,-0.26994616496433227,-0.01804936518656522,-0.2980886691335792,0.48255869828174414,0.7834460135700881,0.7445808003310841,-1.1361223314166629,-0.8783446329492846,-0.1994191115106225,-0.01471826055648043,0.7258827036947202,0.955578825643886,0.7289053883745169,0.8767927313490496
0.7794576638725178,-0.7330036968895172,-0.22199579488417845,0.9088707457999659,0.2981963936901759,0.22888591460654314,-0.1779875770641557,0.44141907366373756,-0.019283746681510464,0.28357568522690163,-1.1002440363333712,0.09607421288501372,-0.09891297198541195,-0.05045864247050967,-0.7195147257656492,0.15746919485788535,1.1872514667972514,1.71739382080853
-1.2559613046438487,-1.0260311672522495,0.8532184758168895,-1.2099252376587808,0.5689142420966133,0.2946622878440627,-1.3652454025601621,-1.906818811465353,-0.769747611895694,-1.7007858105898621,-0.25040191958168845,-0.3778516289456252,-0.04211484192335281,-0.45400291570728574,-1.3833273699613067,-1.556024965226116,-0.6218001850798672,-0.7462362343617798
-1.1155433394377208,1.0836942807224041,-0.6514851373018293,-1.9353254109836477,-1.155688375035307,-1.241020932422885,-0.8824201586150049,-2.1800700691471495,-1.1982814726151925,-1.3759110342012861,0.16954522478946785,-0.7642314599621921,0.1996453441233416,-0.12080127715765124,-0.19971327220713603,-0.9645753129349957,-1.3880804372409363,-1.9159541729461558
-0.3484821113381963,-0.7073608338102996,0.41939339750657206,1.459917973866067,1.5761732319638004,0.5768004027151409,1.390974821005955,1.1841061513854558,0.2635386129150398,0.1223986544457575,1.5702171330133035,1.4954752462876544,0.17258537843652885,0.1507722113824451,-0.24075153618739772,0.7568630605753536,1.1970007245267902,1.4668390855024382
-1.2009354451998395,2.898635029257781,1.2221289508453135,-0.8098819536460722,0.9407348099203726,1.2198024704895305,-0.6673220875233631,0.5712017028039825,0.09872831340696528,0.0422957116853467,0.3249784534981075,0.1481314057713859,0.3797563495120027,0.2685663436836393,0.3371273743373943,0.42739871031119625,0.6738096212176133,0.15800076236595822
-0.888685821605631,1.4999195794904345,-0.06904581916244835,-0.5704139893410533,-0.115391032669995,-0.689583188410046,0.08841547268145682,0.022318956739715737,-0.06227283121244977,-0.1922607137131397,0.7308296849097191,0.25766499687021255,0.617598535092356,0.5062059587283756,0.757928047492272,0.11617574542493152,-0.5120537607123988,-0.5372466297548641
1.2374258131400777,0.327071757192712,-0.2626003072799463,-0.14018337314334686,0.11479214023454534,0.3589204463074659,-0.8699090294943187,0.6778801793839797,2.4690260784343905,2.7008256612044557,-0.8576462144717992,-0.12476313258887664,-0.23586411686238082,-0.10057351569170093,1.846060280417629,1.9426058076448818,1.88089588566928,1.7045488378476763
-1.2277615873605872,2.799601553326603,3.4982853880740343,0.8049853582102167,2.419317032751738,1.8809815471635496,-0.830963344097329,1.373696735448348,0.6510261645182054,0.3040026228085061,0.28089032203303943,0.4150189138466799,0.5375289036624125,0.29595553624901594,0.24110521925213185,2.149475774586119,1.4762278771956214,1.3858919780726235
0.2707244385174668,0.7031463904874171,-0.41423384747021547,0.7307080796251049,-0.34343852215775256,-0.06142358334254213,0.31488649029842125,0.8752237311177492,1.6080684365999016,1.5533680534762786,-0.3916717805605487,-0.32802325830381834,0.48775858553408824,0.5580075532264348,1.6555157881744658,1.2825932921496022,-0.23887243069029168,0.10264613521734427
-0.6136049882425406,-1.4301109486815249,0.2514991048389812,0.9342870595772397,1.324120584755526,0.23935257178807992,0.9043539166796503,0.8834154605949776,-0.04376385188844919,-0.24065044917048972,1.430797605857488,0.5149082579140921,-0.130312378384702,-0.0556934964731112,-1.3452821473267704,-0.9513956079647197,0.4231112286685183,0.2529637955243657
-1.0417521735233377,0.2090684670104688,0.4954002718272392,-0.5105990904049809,0.5413816788511142,0.6108473444183986,-0.9310850661234948,-0.26902944912601356,-1.0778773730262543,-0.863872610885241,0.40177143228926626,0.2246984657322791,0.015892669526320107,-0.13440978974743834,-0.36117027086189984,-0.5104171817748446,-0.07739689773194425,-0.32933030036763966
-0.7066529548769613,-0.41199145857588004,0.3053276926826564,0.232448429016826,0.6279894696303262,0.16689993202295453,0.08660568370575804,0.43969616178214366,-0.3258233653087204,-0.19486433408527845,0.951177301353835,0.433710189164173,0.17138123928103002,0.15821683208847853,-0.4306212026341363,-0.5516258021829932,-0.08727719730371968,0.02318807558644284
-0.02847140871294427,0.40191237874506186,-0.9015740941350684,0.6208538227046341,-1.107874406116754,-1.2974892135905705,1.2818260461109028,0.5203772256302165,0.4100926045226952,0.1392272941964925,0.4715891435371094,0.5131361722751723,0.7040135128581599,0.6266169346299483,1.1944242862161318,0.17208739895403805,-1.251684362934905,-1.253882069631249
-1.1349211220140836,0.5674910756816086,0.05368298189272396,-1.385503839950772,-0.47554020957265564,-0.1635983970551792,-0.8930945650263008,-1.3770498795175001,-1.0656761293028882,-1.1748413282998933,0.01778001705954818,-0.28700180966887123,0.05293912996202764,-0.2787751671401246,-0.4725979370475372,-0.8460563491288239,-1.182812758116705,-1.2137558437532285
-0.4500962284397601,-1.2320583261003575,-0.21348508508244113,0.7342078042191909,0.4846534186685005,-0.2489570098592129,1.34298825584458,0.5376885327938915,-0.8312041105178536,-0.33850046243476994,1.7256081769679898,0.4023256669519987,-0.018242159553233092,-0.001216098954426481,-1.105106660814745,-0.996145793138827,-0.21052942302313024,-0.41215435393478356
1.9846154344804345,-0.3658477462613141,-0.33603125040407683,0.3535599695045357,0.28796117469123406,1.1879685696679396,-1.1281980634790367,-0.009443006414172412,1.3159937539355737,1.8317883090900242,-1.002155130829753,-5.90164076989808,-8.898523852080242,-0.2851557884181708,0.8745624550250393,1.763917144114852,1.6101353805744563,2.432196856228312
-1.1550047339747636,-0.235621745673768,1.9127062292787,-0.12174999566122068,1.0043026752175355,2.0705250266699937,-1.0450050325495492,-0.5825498301565386,-0.5840320069196211,-0.1413956241151703,0.20193315955941732,0.17019432623650166,0.10856363523959178,-0.179723127137024,-0.8558840857576389,-0.5353009421640844,-0.09890651253361632,0.7526029051417196
-1.2173107642685332,1.8638564108365976,0.625982715253854,-0.6882656334699073,0.3076369291019805,-0.24939765147374296,-1.0242835728979054,-1.3721021688809325,-0.7714559445144898,-1.0715067343422748,0.14123792104273117,0.15624072321230503,0.14954246015477998,-0.07880225979007649,0.009218041533682336,-0.4788935498234211,-0.393390781285932,-0.4581792998448436
-1.083105105722565,-0.09550700386254553,-0.43173489786957625,-1.8667625134083499,-1.0703370646637318,-1.047983488614127,-1.1069378296004617,-1.7984910233053732,-1.4107733745819615,-1.751090789585327,0.08316209924949755,-0.5848331658730167,0.025887611373471224,-0.17008128938366926,-0.7033761772613916,-1.2980846823884105,-1.4244697386773268,-1.3566515526465552
-0.08348834142516,-0.5905712048609929,-0.16456866587057378,1.4565127232031732,0.5820634275980556,0.33732432649311966,1.5294773592839284,0.6847376405368311,-0.5227752224146777,-0.18361516101575548,0.7347968096797247,0.8762587272235902,0.38278837611754846,0.26116806657155184,-0.4620072298167529,0.05075452266841834,0.23057180980279185,0.14684364626164312
-0.6548305507633907,-1.0846698071502887,-0.6834381610807033,-0.2008516449216833,-0.9798586564410302,-1.0048521606819407,0.6868727582840816,-0.20587539758663942,-1.4496030854999291,-1.533938991706623,1.0496339957127085,-0.30928375298908595,-0.08341475786831097,-0.06152930323769956,-0.942547940741899,-1.4750134913597805,-1.276610033361018,-1.325174615958389
-1.2944618965107901,2.4058693046877595,4.436982881585994,-0.0051799900265036645,2.058457679907805,3.1972244647594703,-1.1561277957830765,0.7295232360789871,2.057365488730654,0.8325070518347578,0.36351240995124057,1.1578702858779524,0.13471876721698345,0.5555261414802454,-0.07642093319163623,2.1054408723829012,1.272359828207292,1.0011715708905098
0.5146202957900365,-0.8831588930860294,-0.805927386535954,-0.5578650847291768,-1.1122635104228102,-1.0716188823239152,0.3435441654443725,-0.7462077621998162,-1.374510820901716,-1.288920055202093,-1.0472488394432795,-1.0531242264306542,-0.16171857895982708,-0.11862218772105014,-0.812519188080459,-1.176852275049473,-0.9105693425929527,-0.9808805879584742
-0.9975077911770251,-0.9297752758577397,1.4408511587836927,-0.20200393931492608,2.524422227353709,0.2253563344741236,-0.8608251714139485,-0.7935623064936297,0.19931147926691742,0.41215644773735594,0.28939337443774443,-0.19138632777664003,0.04228222401666657,-0.11709729248467662,-1.1452913521881463,-0.5559193032797581,0.08472621685444429,0.46893445749508655
-1.2544768658753305,2.172873038514344,-0.3126859051862099,-1.8791224222547176,-0.7999099500837378,-0.5356895352045563,-1.221664684409215,-1.8317210703170441,-1.0469466674470949,-1.1912725876962995,-0.10542181150184596,-0.8394034045564976,0.14771554719964625,-0.048122595379342326,-0.1159710431785227,-0.7529888133891339,-1.1286293043992328,-1.1046303390422392
0.6046213711153675,-1.1636787955495964,-0.509776962324139,-0.5314895742483042,-0.8981817707270463,-0.47664976109144336,0.10576959126852481,-0.45473431970387235,-0.7539233654731016,-0.5089351422365572,-1.2441502048129396,-0.836609741905786,-0.2888945240873622,-0.22802476267255067,-1.490492591314993,-1.0859928595786448,-0.01534480194599229,-0.009890492655235955
1.0328703747863335,-0.1796419095302022,-0.7254361224014314,-0.6764200560723849,-0.8888938801984639,-0.6952941543916068,-0.40672955042585024,-0.2956729546848805,0.618938825442674,0.47858467947446354,-1.2279054794333384,-0.9603478542915634,-0.17949602302014686,-0.13172461786795636,0.6932187502161961,0.3040692488072988,-0.3039542624976266,-0.29312503293239955
-1.2354153054429724,3.330192463075779,1.5463373421997657,-0.6155388784506468,1.6952615048102229,0.2816603809299664,-0.3760780796303682,0.1683163280540161,0.12294363090435995,-0.12834530496733784,0.2977429703744167,0.6876036989087942,0.4547679759251166,0.5331127798094645,0.4623691887473288,1.3751886431670015,0.6643192143331819,0.6727218845393408
-1.1990407136266292,0.8405790599847229,-0.8771266024580856,-2.2608146549422923,-1.359485367520804,-1.3832713429817356,-1.234058939961037,-2.4288803643630335,-1.4129362036417776,-1.7549763647393248,-0.12363498627148549,-0.9762275544678127,0.07193060496947316,-0.2755219017224981,-0.4198096240546184,-1.3607521400702405,-1.7808124575333644,-1.7611318884561662
0.009589075314639248,0.020532871272592828,0.032564679127107185,1.6113636886221236,1.0456309107608552,0.9082369790983333,1.2335025040883296,1.2958423819827347,0.5216618635123685,0.857600295508749,0.7314764957525526,1.5137880799098717,0.5301519699999867,0.6895729941615119,0.4606515262099748,1.0553102743221867,0.7033696609918256,0.7623237748496896
-0.770899916167884,-0.8081603116475028,-0.6331665494166032,-0.5913653874386583,-0.783388449943629,-1.0582909465453,0.2024184549207227,-0.9596324195318529,-1.7159060206650179,-1.5766420120511453,0.8750193982910015,-0.3482844149531787,-0.05713364636223479,0.025314735070129084,-0.8452239087086131,-1.432157638668457,-1.32846067355741,-1.422121594858209
1.830875067526521,-0.2747361794112961,-0.6922335702143658,-0.7773488129143151,-0.6957438503997964,-0.28955375917079773,-1.021746218253454,-0.4076611712572884,1.2542660409119926,0.96806076180932,-1.1482628985858918,-0.34074245954838883,-0.6232362054413129,-0.50536643052001,0.8557960787479301,0.5993934933940058,-0.017229608280733975,0.4356050064039963
-1.0635189204517552,1.7676017727034423,0.269753704881197,-0.6819888992292858,0.3628086178750175,-0.223923768049391,-0.6326739433834513,-0.5606756230348101,-0.40378006366175756,-0.36652017917524327,0.3870474423458053,-0.03952921078853323,0.4467518698737261,0.39566865121262096,0.384104833263346,0.12530680055911966,-0.5185936282839909,-0.5439041396433745
0.23652243605738166,0.2722895297665316,-0.5489607652778615,0.2779406450604319,-0.23745365369478413,-0.12996272129822276,0.5348338918771928,0.7699746243482473,0.8058226666593826,0.506321231230384,-0.40406903216210494,0.7060837636113935,0.3616003566374939,0.36777681396925804,1.0647211293157153,0.4807250755842304,-0.4316751005369329,-0.3668954269603913
-0.974636930416483,0.435301547449258,0.6376432102937071,-0.09832715696422138,1.7198046727556469,0.4302492641086969,-0.494506351153803,-0.5689316256861459,-0.5256614784456212,-0.5059649533593228,0.40874865674549726,0.021382319667808597,0.17475040408383782,0.13696859159276248,-0.43721530739630665,-0.11649882352697086,-0.17094999398280528,-0.0749854486766689
-1.261800488262692,-0.729028435097733,2.806178969788983,-0.7958470628211078,1.4733810807473284,1.4877114775428044,-1.5078902738800537,0.6920609214105311,0.007371724551384076,-0.8668473717492824,-0.02603611312933428,0.6638455246889119,-0.1569367455928501,-0.28672672169778696,-1.0699831764570782,-0.6479664605619002,0.15779696656188255,0.43798184427130965
-0.19179722041881953,-1.3693713434071828,-0.8011177124439062,0.6348404454802945,-0.8960785480063873,-1.0880074729476947,1.9054193059703952,0.5428633057174788,-1.049486821665493,-0.8915295026048061,0.885503307722801,-0.041380613896223495,-0.23330468240565072,-0.09529323352357408,-1.367942098003954,-1.6928991449343112,-1.1759702412361461,-1.2864071634616185
-0.8784422565153024,-1.5006901781046653,0.6003829280533062,0.41333729338369335,1.1005056469137493,0.05555061331501457,-0.09653578389095172,0.5486351302988531,0.20475562842437617,-0.2531104288299707,0.4159524783165419,0.3571322847941193,-0.06095617616478486,-0.1542786339260246,-1.4258093910052867,-1.054424248238624,0.0677440632914851,0.1667829756791215
-0.3112138045785664,-0.349567430876801,-0.5160563411119126,0.9915509438990818,-0.7033275171448048,-0.5111092192282809,2.1159260315708805,0.5540867157459831,-0.78812900061643,-0.729147256270483,1.8237020136124538,0.3526308620560461,0.3979649963796747,0.5570033966340548,0.05243621294719191,-0.2825579865478768,-0.7372127190186818,-0.698032870390649
-1.133443145924907,2.6357730701403477,2.152483002363708,0.6301165000646853,1.328586300037026,0.6758355593837857,-0.24512796065485887,1.4773248614379237,0.18975212221781773,0.23880907652540131,0.8243285867601642,0.5534350713525018,0.41191790118751864,0.47504961532593476,0.3168167841257462,1.0885784084034391,0.8941413130728058,0.4139776750840031
-1.300201220505211,0.13591237558500346,-0.08127148686044341,-2.3002276438764806,-0.5539230266499903,-0.7354644725782045,-1.664281119100023,-2.3981959902598935,-1.6953073314972142,-1.8182255853781661,-0.42456695338947964,-0.5797078161467334,-0.05182082229398803,-0.4776888816210008,-0.9832523680413511,-1.4416527114720263,-1.3118200489082108,-1.1738001265634963
-1.153628963038419,1.4729648406107332,0.27989516633961464,-1.3846313728046205,-0.7706731650582477,-0.4936219719629842,-0.7429434526869657,-1.2657563561764507,-0.7446234094629024,-1.3712513751193562,0.18281046382324784,-0.3812919317728228,0.17711155442884163,0.008619489197677792,-0.1238731785276187,-0.5446032408398109,-0.9059772084009547,-0.9779687797616109
-1.2154223456600852,-1.3248217697443152,1.7923426012866992,-0.7421302543328823,1.2647975880934088,1.3182372623805085,-1.1512266815113967,-1.5280170343079271,-1.3689211679029132,-0.8963931854804507,-0.06834603323749655,0.12033250690278799,-0.1110259757541679,-0.2451093921728922,-1.379644434227869,-0.9787809038177638,-0.5253812927902433,0.23699555183071025
-0.5680676957414431,1.1244070583909407,0.5148354705101977,0.9773924646044725,1.413074870869404,0.6230287757569174,0.9068420977357673,1.421928486896689,0.9645293287334834,0.7864398767499152,1.4538797883133716,1.6293071929429415,0.7034140848021134,1.1039701000115132,1.0755585702924686,1.5619578567544163,0.974294163700504,0.7771929534213753
-1.270481438621655,1.5119267534205407,3.3717729634805127,-0.6535021826260392,1.8459039005697093,0.8011768247535246,-0.7302720130979337,0.3394515758073348,-0.23767105309758216,0.6646792899120048,0.5579289391252805,1.1158685460489073,0.0040995214809586705,0.06302858683607025,-0.6362510098774853,0.5604433708886793,0.8829826144796147,0.9847225654009532
1.2732012908766384,-0.9403880937244755,-0.3888707096386631,-0.47984951550360466,-0.25814289072391766,0.4754140110714491,-0.641060859912691,-0.4131429945538897,-0.6021134467984802,-0.11855232351578042,-1.3218098229044413,-0.3593455892539587,-0.4353434821077543,-0.3166857534571617,-1.1396162221166595,-0.24672691309592243,1.0866316487277337,1.0094101027364057
-0.6295589543419928,-0.17195841383950902,0.14660966401185105,1.143783610615707,0.8650023858308854,0.16489174471966386,1.0897812631148516,0.5134055479154449,-0.16756599439573755,-0.2985044063160663,1.3193549375639781,0.7893097010473857,0.1842173287221214,0.4001711679940287,0.0021739439537360843,-0.037554781134007155,0.20803601444106004,0.12975770768456155
0.36586898316859107,-0.6567158717881686,-0.28090292948242257,1.3095973275486812,-0.09325733133031774,-0.025535389298827062,0.5394378068958855,0.2696607539584941,-0.41020189520565153,-0.14709634253127893,-0.6206888455161933,0.009538669204749191,-0.023940058352283394,0.06910632305158504,-0.3866865391799621,-0.14360293584521228,-0.025492986097994063,0.4795237543921652
-1.0517590398637235,-1.1507894088503763,0.36910316500481993,-0.6494103769412151,0.12802857278359045,0.23725729730853087,-0.7077661244727804,-0.6818974440914797,-0.8807828527325761,-1.2969895850764341,0.15965976705669782,-0.1674007391923044,-0.08227227777244633,-0.23435049189654597,-1.1719880045968034,-1.4466263194922966,-0.8841455795761596,-0.7264201215144312
-0.7490981048373627,0.7835981617521178,0.4024768982257392,1.2312364766254575,0.6122530289868666,0.5964543719589994,0.647659002721442,0.701656330363863,0.29957837170627555,0.1935404585586038,1.3298101570967331,0.42707526258559486,0.5402492165982157,0.4617507123415088,0.5257558416622694,0.3486912766053213,0.5752395894174743,0.26191602068877057
-0.38833511554805056,-0.03646306609626495,-0.31766454304924824,1.1317666892915204,-0.39138490673819926,-0.21465272798368112,1.785151310339629,1.0091093821908501,-0.3317191204594544,-0.25241176557845296,1.6114486685112814,0.7358662223018525,0.45945849726837973,0.649903412227928,0.5226484390150573,0.005598206459723779,-0.4424511271506529,-0.4158095265296198
-1.2134230571675253,2.2302638755986437,2.582280168983336,1.2064930908483293,1.4770270314013216,1.6934822770348426,-0.8114365063234139,1.2486339556285126,1.531332978293377,0.4612217337409231,0.3163528901769066,0.791079584621144,0.5113241029803394,0.25178897114646914,0.05615033149406795,0.2540466905144951,0.7650333224086651,1.0369932353330071
-0.8707320554888063,2.074449137156623,0.04209850630094884,-0.4016449756970666,0.09889687313749342,-0.8610103842315517,0.49444822132976807,0.38897363407534236,0.6620858364396436,0.2803452491257759,0.9185513933921587,0.7669916373476939,0.7126640210393186,0.7830407845877787,1.1400315952047257,0.7776943790325255,0.25047116294246463,-0.1381246323699762
-1.2858349089005197,3.0693897886035097,0.7233561215208278,-0.9992618227999873,0.8866050830504622,-0.018396582176891288,-1.2149603987866602,-0.39472383773738534,-0.36900337393032845,-0.7273873594687205,0.21881268343059052,0.0052936015788324275,0.20638561392617258,0.24905780981724435,0.2669510414617108,0.002237497845152415,-0.46458129129604403,-0.3058264428481371
-1.1388279801050323,0.9391121076779768,2.045852050996738,0.003186676824115019,0.9000140246380258,1.7552325996429965,-1.0080450400260283,-0.35042604290754953,-0.24892379172533602,-0.659350271655294,0.21888456013011695,0.34099881132086696,0.14015421681457446,-0.05886347478603065,-0.5816802161996684,0.4260443489418645,0.9927425167585636,0.35874082689735665
-0.9508089318739797,-0.4599243434448708,-0.394598469569497,-1.3319637590798743,-1.037381620159297,-0.957974828433517,-0.6111288135645722,-1.316429997006576,-1.5163810307876313,-1.2282852489185647,0.2748821750372277,-0.5473607670989709,0.0037788160024288093,-0.10152423668196398,-0.7910892251287952,-1.26061688357378,-1.1819883916299958,-1.375826177335437
-1.2899330304856342,0.7968059845375043,3.6104899196701603,-0.2364680042213899,3.1060611917315373,3.1118535557737954,-1.4852360956062935,0.26368667097133014,-1.0368914412161034,-0.37211310037896217,0.07761359867948431,0.3643672079822502,-0.08670679023023235,0.0988800570876473,-0.6311646569533755,-0.16795687149928082,0.3093559288504765,0.6811484383425015
-0.16387941880751677,0.3694899347270152,0.26386394574799077,1.8124250534541146,0.741592262436407,0.7291717910086593,1.4361959628958276,1.0589746637730115,0.8129551953990543,1.1938085675838888,1.0038411730563275,1.326977955842405,0.6689846642121141,0.7263669325668041,0.9408218351314716,1.2060639744730237,0.9161306146341646,1.1698608497849012
-1.0127045196484779,1.9988794895579742,1.0665959681477526,0.2802811320744746,2.2078639480712328,0.8832517400718196,-0.28471985448073345,0.9037222815184078,0.35914945340042914,0.04751572684473631,0.6910179751242069,0.20008931939438446,0.4823631285936711,0.743221765297622,0.5394109736583085,0.7535031998458901,0.7634783649636072,0.21859080303514974
-0.9176436592090995,0.7077315010035796,1.4643273572638358,1.1324407216684624,0.8488369804773466,1.5654651279404623,-0.21839011094477984,0.8234166451613147,-0.1592221352508755,0.08627408252558495,0.6796891105997823,1.2433756972504404,0.38667103733731795,0.09106885668389739,0.01772675538857711,0.42378003004095166,1.164303214539665,0.5786081192573879
0.3818978096767691,0.16923510185520746,-0.9605895618335906,-0.6259426482114865,-1.385756461261559,-1.468885737375825,0.3088467838672407,-0.21766637777327275,0.5811143982917837,-0.11238496480903892,-0.7767413389953866,-0.9379985743287076,0.17990232781665036,0.2420634049738325,1.0407702016119578,-0.041748661270702425,-1.2473370993509485,-1.2978723005888313
-1.1774689387472699,2.526971425539781,-0.524743243378615,-1.66955061835175,-0.8437337469260201,-1.0131147970688508,-0.6564692975428007,-1.1077922291390434,-0.5836772173073435,-0.7250815147921703,0.30998596286673,-0.34983755662235183,0.32486365479143264,0.15295229736285348,0.4176060306776825,-0.48250778047941717,-0.9130827225041854,-0.47571482878926524
-1.246370320452451,0.4069786339191681,0.9587645600836104,-0.8390795618779819,0.3867372000922484,0.5084577485853368,-1.4741465064249322,-1.9047143548422019,-1.4620157174211867,-1.298884504802278,-0.22967859600427132,-0.25649348754785667,0.031128498547858225,-0.3788612319350384,-0.9456811898455956,-0.8384576704257649,-0.7032518184156465,-0.33104181010298267
-0.7687598959707411,1.5506948904845281,-0.7691000961139681,-0.8000387927952995,-0.8866884225244358,-1.371694840048598,0.6097666069494976,-0.027893112088180422,0.26104414072473137,-0.007983799916186246,1.123583860646846,-0.0686244128488968,0.7863983760437547,0.7261528850043352,1.231591881031633,0.18701008809642208,-1.393303507654087,-1.3370994105713248
-0.2798158376655526,0.7458594418153135,0.2848809216859513,1.1621558830997594,0.737785655120743,0.37350516883045537,1.5582196980794405,1.5328371146223336,1.2743129102970885,1.2922680718709472,1.579130248030755,1.5883209067416015,0.8581006707807659,0.9397771517648821,1.484011904862214,1.5916729851245766,1.0331548141948759,0.6116115780115088
-1.1059769333897653,1.7030395734316017,1.3479437925689464,-0.18229395001006557,0.6328996805965361,1.2596037486411789,-0.5756626616188284,0.038562647426221466,0.1538176248294674,0.09689762380305615,0.28766290308621634,0.09405947824465626,0.3368057176184598,0.37103006358742135,0.5822608800372996,0.41573562300047195,0.7635868705809179,0.3016986124291913
-1.2794341864422556,-1.3924812037359275,-0.914721858206872,-2.801351457470572,-1.5570591961011107,-1.3318344243322588,-1.5122856881771793,-2.825630100756388,-1.787074137850005,-1.9970593053281862,-0.2955036305850248,-1.1371771124555836,-0.13182620311681156,-0.5184263632944499,-1.4446139007663958,-2.4691007536897076,-1.8880061179907996,-2.0428250296865813
0.14220538883872158,-0.24129328691763424,0.07058876324460597,1.4475857225530864,1.2743961732032982,0.7344911700165817,1.0796406882578609,1.4757895769396647,0.2860790826582576,0.7994208319992968,0.10815932637710024,0.9916482496578802,0.3242427328868429,0.5818868026025706,0.2373142382685035,0.9480852744267632,1.0469699749390176,1.3072247461781061
-0.8507696374801053,0.25433315845593263,-0.20385690260022826,-0.44236223706157485,-1.0694161290503306,-0.5177871504537438,-0.04869810016700136,-0.4770526719650257,-0.8404248490963745,-1.0280764595621783,0.3875268515183748,-0.10184342186004983,0.21689015115802637,0.2008790563594053,-0.043802689851652137,-0.23052018152264722,-0.5984183400066382,-0.7735647711136578
-1.1555374870672517,0.6180945038391661,2.9778255037321393,1.4415088129310216,2.287968613829655,2.6719529961179513,-0.9659446486062089,0.21042065278770783,1.048406772427549,-0.2952661631651592,0.0913702580189612,0.9484158229084337,0.15571467138877754,0.2605666650613412,-0.5866397716029335,0.34439957153213946,0.5354197143912257,1.161929522994734
-1.0776417805551646,-0.5892274932847761,0.4530642091978483,-0.8987846890904074,-0.04925352536549652,-0.1819522154113543,-0.8085940605840954,-1.4075686986322107,-0.9097991199954488,-1.2100645175094131,0.16694321469176268,-0.21304984003655628,-0.04564252773708632,-0.21568488504149586,-1.1147836581094497,-1.1329625828290888,-0.28292209261297,-0.7410451391679777
0.33952410476125194,-1.0807186853262334,-0.3719039987373757,0.8678739741578168,0.2609123081433733,0.07427613110481046,0.5248301222377172,0.2686445164584487,-0.7460820583916669,-0.2796529651931564,-0.6823287369692751,-0.5864009760576916,-0.18069813425873693,-0.1004455028888653,-1.1637155614823933,-0.7861871259648306,0.0952676459159553,0.12026657172517659
1.2996461723848722,-0.8920440656979576,-0.30492937753805033,0.054572863590994496,0.1440414490630264,0.39951737066988585,-0.5495914066799896,0.0815479020472663,-0.3403696038229139,-0.23137640044980523,-1.3346257578484972,-0.08064042843445174,-0.3232695925426543,-0.20984040075698704,-0.9486587310052068,0.21224075015783486,1.0047210083049423,1.491067778117006
-1.2963639734555497,1.9141552866939306,3.514261962519477,-0.8276450120700445,1.9953380322469008,2.1113720778662928,-1.20079523194082,0.642772225492693,0.1535150641882991,-0.2919257999241196,0.4222843370390725,0.39320340203368254,0.12155942277850836,-0.06642876593970708,-0.11538489507497242,0.4715219112906109,0.5038794379107681,1.2876509637665512
-1.112382318833365,-0.14067729437559925,1.9550362865315587,-0.10021673926565418,1.547024934533219,1.3075473743074335,-1.0424634197493292,0.241724903846082,-0.2923369199895173,-0.35986724902992595,0.19765531141621176,0.29661309810847136,0.09499239868682134,-0.07383597420085329,-0.8676767631892282,-0.6193286797522259,0.49904672627674745,0.31119554863425186
-1.2599529479725124,2.995699802945516,0.5808601440119103,-1.1950161641133026,-0.27053209148238255,0.06368382148431787,-0.9298135392883909,-0.8851674551676657,-0.5806513633662527,-0.9540394097895586,0.26446332290069446,-0.01170324772915713,0.170759317074676,0.15388388477654255,0.24825670462942553,0.020307731534525596,-0.3273480945858016,-0.06607515954596606
2.0270206200053122,-0.178418236893087,-0.32278688595836946,0.614953350758025,-0.7984015414635309,1.2472479571354311,-2.86335526355947,0.649559525793976,0.8308544860246211,1.9396605667956826,-0.8832923097490243,1.559478876702184,-0.5104364518899269,-0.3857227364438171,-1.3176277860356647,1.8946202383836876,-1.5985230875805245,2.135079858667163
-1.1971609940590517,-0.9647946193731253,0.09692763574939216,-1.6088763827033727,-0.2962488693447788,0.641957659577002,-1.2763168977208146,-2.085178599696954,-1.4130139093978458,-1.7125171659041716,-0.18078114981798557,-0.682556735735768,0.017346789831373086,-0.40504625998826554,-1.178301426114046,-1.6710346386575314,-1.0843962957115378,-0.9314394637332323
-0.4142192473374579,0.8341004233241723,-0.22672844863205974,1.15665950439133,0.20567811952329124,-0.2684526063265392,1.7772140421334401,1.3051102288612804,0.4429826160847811,0.6025352401820617,1.810075068112549,0.7712962235909558,1.0641771393798294,0.9400343839922782,1.3476076754031112,0.627279239267895,-0.21187917434533363,-0.34484188913939595
-1.2397669312395612,1.196435483852811,2.439771735878647,-0.1929716256571358,1.191911816870934,1.9008946274231553,-1.6099682158633128,-0.9669402870809136,-0.5662525913885519,-0.6368046521348437,-0.08776591872291889,0.38338459773363737,0.18265676876836762,0.14143598127330073,-0.22180021885785556,0.014433813411805106,0.08205719034872007,0.3952225741106812
-0.7754399951912221,0.011446824364203825,0.3185648145330546,-0.29242807452332986,0.19403614483498022,0.5719816626512276,0.3259631133616663,0.24598366604271116,-0.7384079418255487,-0.39882978659487256,0.870692958991571,0.5695150323670501,0.2140655458137393,0.40867538408244203,-0.08871430766617949,0.3057051465634202,-0.21155727517639453,-0.09368278997805907
-0.649318056832891,1.6111200887121357,-0.456837788816706,0.5463160253539792,-0.42787128176969913,-0.848545793662301,1.2051501994043887,0.7885339560961774,0.7258725701952274,0.4076625524920116,1.508192542330468,0.6298703566850511,0.984072638403138,1.0805154547704725,1.6374679609519494,0.7394675605444179,-0.8565793528969012,-0.7521307343292889
-1.0583656541781765,2.589946070677586,-0.7003418780844021,-1.1142809563582485,-1.121961477988141,-1.239545286729069,-0.19933632010129518,-0.914686259495111,0.024399924083881527,-0.34574324418811975,0.5704273504345699,-0.27529658456922684,0.5786913996967824,0.5448348122561771,0.7083610738365292,-0.10196456800082213,-0.6986232870279664,-0.7947818968946546
-0.5485066344484797,0.2736727190754122,-0.9625266641507837,0.011373206105013087,-1.3139838762702167,-1.5450791856476547,1.3427018422206358,-0.08068221427356742,-0.7085495513477092,-0.9261324889019232,1.3392791071799326,0.026098757183087296,0.5693245091985226,0.6902148913639856,0.6005029879245285,-0.48281307852147376,-1.4835168052621117,-1.5649607256960087
-0.18981546412731198,0.4392106850179408,0.12202972736978442,1.4019867710376754,0.7528784678182641,0.6357371783305266,1.4839817053885136,1.4690678680600107,0.7734730306051896,0.9124025864863018,1.0665602611648999,1.3347235320084494,0.7783139972247506,0.6762808637838679,1.064970973836425,1.486470163761094,0.6411823773372187,1.0839479613192848
-1.263999349408571,0.09147231542408127,3.760217148999302,0.8933289975930688,1.4795090981415149,1.6640512461042638,-0.9052174667378357,0.22286967187181775,-0.5323689337940712,0.5214549090172578,0.21307118137199857,1.1920569522859117,-0.006985207675892022,-0.11318296098355148,-0.8461748138861643,-0.45804145665164153,0.31241839023755097,0.7238390306617061
-0.8771630046968291,0.6363467035760305,-0.3458884365212736,-0.7449369492818058,-0.4052989368621545,-0.873757889299903,-0.18835940080110886,-0.679128446035463,-0.6494218120492489,-0.7149227380691175,0.5698394077560036,0.15837959762499482,0.3830555670453774,0.22123007845288697,0.11078700375854351,-0.3602472653255848,-0.8728877192857579,-0.9165164637400517
-1.1323715357517685,1.8128659011604071,1.2645228430265019,-0.06348873679245522,0.6979783016345905,0.45386292448829646,-0.47620823094233067,0.10376226326609028,-0.42721066364356264,0.21040760567610098,0.3504844468212242,0.08430244428377197,0.21537142375736734,0.2210832851833157,-0.22711314475660258,0.18939612474251424,0.014141069380497822,-0.26672244722809896
0.710881072351955,0.35268419441522014,-0.2069293547141499,0.29485064463145166,-0.16491084199325887,0.37987784223061055,-0.2811543662924356,0.5011272192082608,1.6000996106426708,2.193858976873124,-0.8380672569530246,-0.4720104403734966,0.025347018241114436,0.12242913989332853,1.5079064274998306,1.6311676064879177,0.9158615665830642,1.3546735889331754
1.6972900850788144,-0.7736235961423671,-0.18426746165958535,0.2880696520801061,0.5364874953085899,1.0107062746020898,-0.8339164300992054,0.09213020219449411,0.2768263543900768,1.0038442238644705,-1.131266231004011,1.241349721393564,-0.32666589606452845,-0.26831195138305486,-0.6624440851632079,0.5563340196634065,2.401950638747675,3.2407727585005723
0.9169019076511569,0.04489318290879908,-0.4418714938608955,-0.1570292575088664,-0.43596512801631204,-0.10301636444602552,-0.35052343434943795,0.42575769912733324,1.334605101102174,1.3927440190760394,-0.99652086575285,-0.4109626003834725,-0.019355817257321724,0.014184841608308461,1.1231077428206178,1.0565137395914272,0.5224616233636161,0.7813885854876804
0.48817381732629006,-0.9365998958764927,-0.6566778904705307,-0.27367409946049753,-1.0030230135294238,-0.7992523867269579,0.3342694292630326,-0.6658422859883129,-1.2712339681041087,-1.1158981172601143,-1.0288053853379229,-1.0154368593406506,-0.16615009855852775,-0.1469940841341858,-0.9391830923829275,-1.0744136425941773,-0.4821069621667936,-0.62288455259815
-1.0239548560228737,-0.8185877104759648,1.2917590536282333,-0.3048040736658639,0.5307996507553411,1.1147199723930763,-0.6093238355733472,-1.289754235233104,-0.0012670141332467282,-0.6414464044851198,0.2030402379118941,0.31963348814169823,-0.03628613567275947,-0.0963917215136231,-1.0738560577883605,-0.8418605538238594,0.5475034958371526,0.271497430232805
-0.6284872693115648,-0.665758955330752,-0.8256264742529915,-0.594302602137892,-0.8897312674388409,-1.2565033240439132,0.9953325199464332,-1.0428093121807613,-1.5842604891817191,-1.721340775878488,1.2064792086756415,-0.28370727717093464,0.06407827171147058,0.11346309280158105,-0.6407173170989786,-1.3099910381534672,-1.4513027109218966,-1.4584066589505627
-0.05760400377820572,-1.1573052908718031,-0.015295732155070728,1.1667036961719242,0.5848319651692729,0.704488129320165,1.4190253956831742,0.9934936716669505,-0.1991750460685871,-0.022357417612293408,1.2089350085980912,0.7677147000735843,0.011692385878288818,0.07141346055006528,-1.0997845958861086,-0.35384613077104216,1.1471663587240732,0.5750085533997827
-1.0571199290683149,0.9855242235355761,-0.5808145474292641,-1.655009453308589,-1.0634144893083148,-1.1245091497365771,-0.8742453322226785,-1.4442695022525065,-1.148528959453638,-1.3950090047124486,0.3080507017002634,-0.5253488610906032,0.19774931629046427,0.036033167596827315,-0.07218603638102508,-0.761099314643342,-1.3769030492401018,-1.57676593026054
-0.7444556397560758,-1.0216954655367176,-0.4841518190893417,-0.46485496524776027,-0.6033919064703448,-0.6496585778375007,0.4571033080888311,-0.561331850454083,-1.404772696560148,-1.216505863541315,0.9480286303722552,-0.30292769118355833,-0.06198449325919147,-0.05318815461301157,-1.0972412572987098,-1.45833633388194,-1.1799165975725914,-1.1339485473815665
0.035932562624011684,0.7875069468410447,-0.11676967068451086,1.3480034855894751,0.5433114053205773,0.8361701454400482,0.7710015085766107,1.6014268985442175,1.4939577283761476,1.7917099718986642,0.6949838419184228,1.1208064628276746,0.7616048643872141,0.7709228955214524,1.744492396903238,1.4235831795049407,0.6527587225095576,0.34878576414522644
-1.1731581787927345,-0.03508148252849479,-0.7348857700438046,-2.190502116121977,-1.131371462192296,-1.4311235404809473,-1.2496941909239612,-2.436285134320156,-1.792245263133019,-2.0244549287202362,-0.07323684172108194,-0.856769417532857,0.011970221444225564,-0.37565923392665124,-0.7153368939357481,-1.590788128865808,-1.7002498252734957,-1.6853220571822243
-1.2089690203605579,2.721427711857889,1.6373535917120658,-0.11561909676754478,2.836020394734038,1.16101348485586,-1.0795008677379847,0.5530170466594304,0.01263622022189451,0.364970464860911,0.2867394019945265,0.7326173101927277,0.4773194597629992,0.26197234758368926,0.5148894141641547,0.29568278590784486,0.14203780940109967,0.38841878542127833
-1.1400945124223691,-1.1980852306205,1.1231236808148939,-0.856656197987048,1.0366419697869431,1.106819131790324,-0.776759773231418,-0.9986475405908016,-1.0625278358191705,-1.2428056269306305,0.048406026871828,-0.25072255259463955,-0.019176492891153234,-0.26754838662053,-1.3780097999529404,-1.2262111701512934,-0.28043864418054376,-0.017814079633591468
-1.2804612253375016,1.2608790394179172,-0.2216856700113308,-2.042781437104645,-1.0325167851495853,-0.9423759045159044,-1.3970249490759632,-2.3296834726377016,-1.4267095507713234,-1.6406745688627484,-0.0474669782029972,-0.824666346826503,0.05558538889205841,-0.3249060217466744,-0.5217499645463919,-1.208096369881771,-1.3301116113199192,-1.3545707700384062
-0.9487024820522008,0.36040612019041374,0.5462026364450944,-0.15140349576531836,1.2153783874472244,0.05177566093333647,-0.38015006793375317,-0.9079552519646638,-0.4336560709563336,-0.521865120532655,0.34331946553659193,0.36827129560410005,0.2251329944139289,0.10046033464496712,-0.21399415917663286,-0.4721550077965496,-0.3610008081100286,-0.09587880078747262
0.26281563174430944,0.5259691513600304,-0.46552463547807027,0.887687211870472,-0.640946152375073,-0.23367127237131863,0.4160862256603499,1.2434643556062095,1.3953139115797604,1.2401019876597605,-0.42196322570932465,-0.280630942564507,0.39348119650075014,0.4526905780771064,1.4306637962015607,1.009516164591541,-0.43193282988160653,-0.18110776386104838
-0.5265666365612238,-1.273647613219735,-0.13459990468641037,0.7624730656790901,1.0917900332449622,-0.06558583453722377,1.3874834058424572,0.3601619978043696,-0.7675039927148785,-0.3574037015651248,1.3515093023872606,0.5046339815850506,-0.1576069168455042,-0.059717177593405196,-1.3657525386858367,-1.188597449420317,-0.027516310675728045,-0.009336115364169381
-1.1674253237157628,2.9560926171958593,3.082669271724551,0.3489816589462498,2.0369270390001017,1.4204065698853678,-0.4745272749392725,1.23138614526214,1.3668757888341065,1.0043019621033906,0.4504023424427654,1.4685827657846575,0.606455827929561,0.6507265020235554,0.8151465494469645,2.3492408756704926,1.8117032350562954,1.805654635692187
0.387370629243743,-0.32521588227897147,-0.06849361644945691,1.6143114158972163,0.5824772562094216,0.7943110526208699,0.5234889921106863,1.3455606123852015,0.23930677496814812,0.5729279920282455,-0.247776771870303,-0.08027786295698625,0.14355297392768596,0.121979741446664,0.21859047962084904,0.5562166480795684,0.7403377911739143,0.8850756257458038
-1.1795626441154823,2.035887915500469,0.4294169339438606,-1.3681922743986143,0.4099166659264837,-0.20285194690731978,-1.0042603011092903,-1.0943596834344056,-0.9342813366488155,-0.7091754245159776,0.17197058988426206,-0.18540948389689524,0.3087655118749075,0.09771881050051695,0.12147943360308178,-0.12276509887972296,-0.5929891533977251,-0.6201423824401255
1.1086008404327654,0.28653984080338296,-0.09277126162070423,0.4279451807097078,0.10780430145363847,1.1995831609996455,-0.6980443341796364,1.2240972726621975,2.2879820342978427,2.540735892517652,-0.8377586802468784,0.641882480758674,-0.0875588601322645,-0.06332780333601797,1.7159278502641433,2.374257718895727,1.9110098402696345,2.1686650141953505
1.8979830837858689,-0.542844672411336,-0.5325702994476984,-0.5246021615173996,-0.38117856024631963,0.232574326226324,-1.050928890125858,-0.580767892561979,0.3509369319858147,0.6402638257771078,-1.2228316213531707,0.17687545193169332,-0.5572221012640445,-0.42378451867925165,0.18174023919995008,0.8265834230966406,1.3483710662190702,1.2378687783498112
-0.28527915035673784,-1.3885291811302738,-0.5995538314024812,0.8518271330802376,-0.34504037514792835,-0.8075152678453325,2.046626052334742,0.7247614894084825,-0.9249196139092173,-0.9890238859193381,1.825218332069762,0.08066849977357089,-0.23951888867447094,-0.09925763047813471,-1.2864299706849758,-1.439260423771302,-1.018771900680239,-1.0147988830556296
-0.8521508636414344,-0.2399474212984646,0.6918759655385733,0.7217533735309208,1.4468070187243742,1.274251519057224,-0.09727088782877526,-0.2787003859661263,0.01916412238659736,-0.18248469484781346,0.4921694279057524,0.413368670015237,-0.016351317163169888,0.07225428581038343,-0.5980849718050917,0.06698880603711745,0.29665553272749273,0.3973608339547557
0.14337906068822018,0.2505822451332434,-0.8507450250535107,0.10168954977794131,-1.1529893308692243,-1.2666520062760094,0.8105745150364891,0.2489449166800506,0.4421621377342263,0.21237926407190058,-0.3428872788199928,0.07223335743778231,0.38889069618416233,0.46444769706340966,0.9770870843847804,0.07375598860804948,-0.9797693735132774,-1.0778980635948179
-0.9798645175024912,-1.0864391331362344,1.4775039805061998,-0.2875099181421555,1.551736312191232,1.5734481469927555,-0.607442838762933,0.4679525106564391,0.34294739150577874,-0.5938786906771325,0.3096504332159238,0.8904127563280075,0.01155708430798192,0.11286485441418537,-1.1866681890499617,-0.44485407825612866,0.7728655042709311,0.6951878167282138
-1.0220601119734485,1.3930673241800178,-0.8074964996751658,-1.4730217879684693,-1.3462136439043877,-1.4405875063053184,-0.49493632668971754,-1.418906434794688,-0.6587510279656538,-1.0132794053620944,0.4340374572007964,-0.6450924798479223,0.36447550233012505,0.13729449238960773,0.23603284482109524,-0.6906217791167689,-1.5410093353055339,-1.5441516556659571
-0.23243709014811503,-0.7676055721939774,0.22146714818787774,1.2113264329962325,0.6302039991370102,0.6967523608893901,1.4714813046765236,1.3437181160753335,-0.395763762876668,-0.37460411738888805,1.128080979178949,0.9194956501663243,0.1845162213242211,0.36284422029954316,-0.5725998187125808,0.1411850436727374,0.6341745946171478,0.7161470355108923
-1.2473227359870551,-1.36174827351687,3.6528187675069113,0.26567855963846126,1.4700141120093502,3.596090526123183,-0.8933049654771315,1.2904307189513817,-0.23556003650273488,-0.20295117754551345,0.13614217149281474,0.8104509137806619,0.09820336867382917,-0.07288298275969317,-1.4908887938467463,-0.6965461577893687,0.8626489248218905,1.1331878098400354
0.10613633016922881,-0.13612095991506637,0.08376562280965766,1.5259044516598521,0.9713209117673735,1.1713118412378438,1.0665824668874504,1.208934951561827,0.3749522561231417,0.7730099227120848,0.35080172929555165,1.5152445008432727,0.31870494888108747,0.6207880994164166,0.4308685637019068,0.9245189094317354,0.8469785624134533,1.2234718880174742
-0.7887216558591036,-0.6311134117009741,-0.24716094295816507,-0.5741292848836661,0.4758454470490272,-0.5565285467565321,0.31121409840259395,-1.0575975333083538,-1.2153948477192504,-1.1021167931709572,0.6716846490257956,-0.133795141703787,0.07814959690461634,-0.06471618956176674,-0.7561793375415551,-1.0811786041676572,-0.759231147629202,-0.977384355534352
-1.2108638891721324,1.012480225467736,-0.9279049316684751,-2.344059364241416,-1.421664046170656,-1.4177842442025799,-1.314192443451769,-2.2972382752422966,-1.395569824117363,-1.7431774195836987,0.014970512528516633,-0.9632113240967591,0.057190157781572076,-0.3103474228040979,-0.4595572404149558,-1.375676251659618,-1.8487347145848232,-1.7441806038825012
0.7531648674244682,-1.0071777055895053,-0.31317293844275285,0.018401204370883377,-0.18341780631109325,0.2947211348189712,-0.09536498117715105,-0.03492103401579469,-0.43016276851346624,-0.3496590674861532,-1.2301102094448348,-0.49927867495068273,-0.2207122421147556,-0.18730919223022197,-1.1119989336281175,-0.4335145715880298,0.8473779905519644,0.6952645446516209
-1.0158688402116867,0.5867895919917314,0.3531836277351044,-0.8364303006162196,0.0024413032440415675,-0.0201925880042029,-0.5467544308005682,-1.2880299909541761,-0.8780012981506711,-0.3760149070079262,0.3440307256125795,0.03390618860918902,0.19972640674027012,0.0714411926816454,-0.18870763456335765,-0.6269437815576165,-0.46912733780630744,-0.6062138177435219
-1.1456512033443127,-0.5775004428495879,2.8428878277911283,1.4529167977657542,3.2451436922393815,0.8298664336273147,-0.6815668080952343,-0.2500278112079108,0.5887092513857582,-0.37206592461852256,0.21319589056843452,1.1208688722362006,-0.07620738088914128,0.1076893065982494,-0.9516379664765133,0.1456540598753174,0.8219340268529577,1.0325525963536035
-0.1249968551438091,-1.5412524567085255,-0.9539340754884488,0.6108742352238563,-1.179326851618711,-1.2794383842850685,1.478910350019951,0.5717026818923073,-1.090566471802269,-1.033986540381217,0.5981594936971119,-0.671583375340173,-0.2946003605766631,-0.23189273684974268,-1.7795531964683322,-2.1317385104652335,-1.3982368787243888,-1.5865523901295384
-0.5871599133529758,-0.390104017622896,0.1023907907274169,1.0061643818476287,1.0248511541951095,-0.1843273939468053,0.8650305513601239,0.6474739862663083,0.1290688412079846,-0.2834552920459656,1.1121080276103263,0.86273894680743,0.1811330320232387,0.22152248653959997,-0.18846113183109148,0.020801919590459676,0.4941736609469721,0.05353728221074712
0.29706872430459574,0.09530278636501435,-0.2649896339119275,1.2550695658663162,0.274032044121206,0.07379707529843767,0.5774372588962186,1.3760281353282395,0.6537679160297764,1.0614638653840853,-0.44342555685153473,0.4461994820644892,0.22383877271264013,0.31710570214098516,0.7150482394859865,0.9248602895503545,0.04590731516880986,0.6210651048193359
-1.0880772797362122,-0.5449784967337745,2.2267834809156506,-0.6446753887306972,2.7441479475815953,2.8111221273662315,-1.0388007472904668,0.6969324745255373,-0.23208124487177614,-1.103662628833429,0.16903771890597846,0.4027161350036829,0.12821610017722362,-0.1641609706959812,-0.8387240470323499,-0.1545015391165072,2.273767319374631,0.48302222606434986
-0.9146709795455585,1.9242430712775576,-0.16001107857955774,-0.4017065798504073,-0.007923195384775166,-0.9892762602553712,0.3052468413154826,0.03657777786701315,0.3702742175539984,-0.2596373660333779,0.7425217749963796,0.3872181763279086,0.7066594454830977,0.6325704130514175,0.961713682437878,0.28151653698492834,-0.21875270821473405,-0.6840919240029658
-1.2431933302929652,1.644825901730405,0.710123448097491,-1.5253235403756407,0.15162225517503852,0.5579469566713231,-1.0574406643817447,-1.4785909745906538,-0.9599714667856005,-1.2489339416986827,-0.08840512929830746,-0.16214965865123063,0.12807059434679216,-0.16637131289885557,-0.39348335220592096,-0.7060830570326312,-0.5968477805586212,-0.6138376813783883
-1.1814510003428556,-1.5018185392366676,2.0617655828899206,-0.3974699063830654,1.361387812889449,1.7269361976858968,-1.029480869168942,-0.5425643159243425,-0.16019814295739418,-0.07919246193891621,-0.057880367684693595,0.07714583179620123,-0.08978927033714829,-0.35670614006108337,-1.576820803882991,-0.7716832182843366,0.20378094617440792,0.16141229334371096
-0.4242126892705626,-0.5061886772692459,-0.3627906591315064,0.851144313203785,-0.5616294908093845,-0.6121403824510088,1.8653797624012887,0.584449857575277,-0.6963151826514206,-0.9003064936990304,1.4918758864941906,0.3594176333437704,0.28594745128895804,0.33596575570269066,-0.1533226414664413,-0.5785616422676592,-0.056289497171147077,-0.6972929817696872
-1.2756437657463378,2.463889450316296,2.5681328989561893,0.665252816960171,1.0746534348514063,0.7762900066440472,-0.7341396084930003,-0.6166479966212891,0.2456866378017343,0.04637145406150115,0.14903301314185263,0.5048203273844292,0.31024621381213613,-0.010633846950589894,-0.12082978429628449,1.1159379265865215,1.3352829592747877,0.40459286512470805
-1.10893674383759,0.3129266907363176,0.2027263211665239,-0.8865367791221824,-0.4278839056560702,-0.21227763966137467,-1.079009873234078,-0.7411593157040802,-1.1786959719215668,-1.309995211066815,0.0650909770122933,-0.34228141668008016,0.06969995889224256,-0.16923066839032216,-0.4599151190910084,-0.994053614944231,-0.7850595041302036,-0.7908782444707741
-0.6803104719028921,-1.3288366365531195,0.447596800411446,0.9804632950487656,1.2919508573590854,0.9164584727035029,0.6678065375289017,1.196228672781312,-0.07159673006626192,0.012919901537924012,1.162400033007244,0.33157156219117734,-0.13920273660490776,0.11458531784402973,-1.2844579305924682,-0.8072716905231951,0.6813387385819866,0.08754162900661762
-0.9387593566939709,-0.9789159717748293,0.6827666573197283,0.34118066562901855,1.1089789645349324,0.4738568460983155,-0.3939858603615313,-0.9234914536553049,-0.6189495902519743,-0.3502413868359832,0.2511834152622741,0.4949692700957871,-0.0719063341428635,-0.006566700348951993,-1.0320109314566728,-1.2848545528952766,-0.10339885765377232,-0.08805318798070967
-1.0795366618429543,1.1207225826066916,2.0854197393045184,0.06607280348061002,2.0106921178394384,1.2234454915626367,-1.1692074834287534,0.21030459052876088,0.32203910040780886,0.45954065076228384,0.5943296780942349,0.826209422642766,0.3276319509859171,0.2276998380666575,-0.2597434822833178,0.4658424772974952,0.4580184224162941,0.5536995484669948
-1.2259424710071067,0.35160662953248845,2.8212336216272993,-0.38440950882082026,0.5540036200756352,3.107938329651598,-1.0740400578196727,-0.8815609942695082,-0.29849319268438246,-0.020859428404841725,0.11856311630693689,1.1035314615032925,0.06047939811886404,-0.14895963619866168,-0.6660702698178316,0.09302435716150194,1.0174918184562933,0.5709209941038857
-0.5105487298601767,0.005036005787803939,-0.03584212011528088,1.0284263864287482,0.2696256795185498,-0.17269289827636786,1.1091605925900818,0.9713502384743539,-0.12933938236030573,0.02725889629356786,1.4399469199335928,1.174812817010834,0.39138180850571924,0.38006224235397135,0.2286840863949499,0.35938128689844134,-0.07871630076257165,-0.15111666055977377
0.16773480312291134,-0.8133573270199533,-0.5940904540031033,0.9773802652257912,-0.2681005336255746,-0.5455002695693721,0.8649038595580512,-0.3789975436159965,-1.0550524352399862,-1.114319632905371,-0.5196529847453849,-0.22034838589900888,-0.009427516226126366,0.04165750556949728,-0.6798621131815061,-0.5184746822365766,-0.5543557018626408,-0.660520923024834
1.3404180373492347,-1.1175352545793564,-0.42506534337385304,-0.5705852057020316,-0.2505995367085959,0.25797728391111235,-0.6161956424965761,-0.6369665775603318,-0.5478240186508473,-0.08125691485284973,-1.3686302999127804,-0.6289263623570304,-0.4974079370105019,-0.3551099254028521,-1.4246777823525054,-0.41833486614618476,0.971971164992066,1.3207534534184493
-1.298252317206708,-1.4577190381621483,4.680159003617926,0.15614712961494365,2.646772807418093,2.4251597593819985,-0.8967164023151297,0.07128436566533929,0.6467062666971828,-0.9255828221099879,0.18990656122787447,1.3575135309836763,-0.15926692985038807,-0.23552176206668946,-1.41716741296128,0.23147398901069177,0.8921680663602722,1.2951553809097527
-0.5859910417271774,1.296288015034614,0.4786106013723254,1.4311833540367154,0.5429071973093682,0.32412799404179676,1.3168709640263754,1.5948410412846803,1.0237649965325686,0.9762260110529942,1.4926076986977248,1.5036656822445325,0.819515228980671,1.09840263715201,1.1594617878024573,1.2167155681323056,0.9305934576447614,0.575288310886264
1.4598285580685175,-0.7341878917939687,-0.8834534612540715,-0.9692185114864453,-1.2376045431684657,-1.0738483419783718,-0.7085591559594571,-1.1315370115880057,-0.8265622284680597,-0.9657041843413197,-1.4249269222416887,-1.198254402101158,-0.47668875541081496,-0.42629046028088524,-0.4712899892707718,-0.7872161620901127,-0.9054478778136579,-0.8799812669598622
-1.258058191446872,0.7824806785370275,1.747212704041439,-0.637265625801055,1.0746335770452018,1.6358678120645527,-1.3201957327505676,-1.1395227132713617,-1.0766050631635187,-0.9143982148124418,-0.16045447542224295,-0.23655097059030974,-0.0116465241966983,0.0075248874819894415,-0.6670107074809901,-0.6819881417403657,-0.49470285983930307,-0.35429529684755595
-0.43516770428004153,1.082509459187275,-0.9192750248734959,0.7574716052577295,-1.4754338520425396,-1.3163414628166297,1.5897210157485755,0.8773873855104289,0.8524899654226665,0.3430887930116423,1.925997051287582,0.4478603518881118,1.2294939946983636,1.1789547399015459,1.7492635905674436,0.44536326839942886,-1.4872620850514675,-1.3760190425206158
-0.34710400423060345,-0.2134700183371221,-0.500146590381732,0.9908562964313067,0.179550678018108,-0.5560362838026187,2.03299177060508,0.5530792755775922,-0.6994607271902809,-0.5599075114066715,1.9917065661691724,0.5621185917809287,0.49508817327873933,0.545964351888679,0.26689199507389866,-0.024535413102431014,-0.43071753995900947,-0.7600820554087546
-1.237974379866753,-0.6983155178959287,-0.1254867875018941,-1.8221001908881138,-0.7188895359264242,-0.6366879382431038,-1.4306644246515812,-2.0739953740420844,-1.6838509961327766,-2.0695523431563694,-0.03411553975960191,-0.8746251194763522,-0.05972767914638,-0.4686529781875547,-1.074965987614456,-1.6577767272418047,-1.397055348647713,-1.3541296175937036
0.0745850555269662,-1.1923733891912063,-0.7153500647119292,0.21601161620606654,-0.6149239313480017,-0.6141229413958001,1.13213129168443,0.1909466367722148,-0.9523880820303778,-0.9138877789328085,-0.009065445001768063,-0.5767722666480333,-0.19134688661466476,-0.1342096648778402,-1.1975353379198037,-1.4485773890995632,-0.9053627755404022,-1.030303859524169
-0.8096419976513073,0.9351061018185924,0.5844669634265742,0.5097544959746181,1.245138483069826,0.6064316099225252,0.5143551889885982,1.1783934280065247,-0.0033346803721042264,0.08526556010920366,0.970372975014238,0.6717535275242986,0.5696017708736716,0.46250817304357994,0.5628654047628154,0.5593731389209865,0.8141524737644521,0.41841259051014595
-1.0597414750193805,0.5306869509220905,1.3984581423865818,-0.64251578068271,1.8739486135870573,1.5322361171005938,-0.9215455102476108,0.1686681822073073,0.38283477705477886,-0.7295671062801431,0.14103278388308288,0.18435770428035972,0.07597373434733809,0.1846763178942489,-0.2484274103283717,0.18795318867534072,-0.4400361090436609,0.11806387261361115
0.5572434095994718,0.32059531373953165,-0.7927401843779848,-0.46980361026658557,-1.0486028179804157,-1.0746217987170092,0.011510828564867728,0.022671585390655346,1.3113063429327962,0.8930734944241896,-0.9183618973871266,-0.9196709284127564,0.13180609736113777,0.15389356926854603,1.381955987299373,0.43438922843626454,-0.7832963880361098,-0.7927838472688538
-0.6187614920938976,0.7043678699171622,-0.69662480718529,-0.031154761637019336,-0.5018504017443713,-1.2204306253208292,0.9764476933537947,0.412351015222199,-0.06942091623390495,-0.34087349406255435,1.3264702358784652,0.16435062551563817,0.7473646681665688,0.6513048906844462,0.7758331260372142,-0.04042880438244916,-1.0932918102359126,-1.2327607433101497
-1.0404761031396754,-0.2828973390223434,-0.4750425108704967,-1.6949324059294728,-0.9932842853381987,-0.724573181358301,-0.7172001861154289,-1.9892856194811763,-1.489156898353248,-1.6291959564912588,0.14433083784887774,-0.5763258546639087,-0.022054370849464624,-0.22346018405798884,-0.8385894881867388,-1.4401750661784478,-1.3687374853239522,-1.4067974197425892
-0.15205863869528294,0.2128158947000161,-0.15138826146520762,1.490402842482274,0.8983946915382112,0.23444967382814544,1.7265091712858498,1.305876069722623,0.46088741917846177,0.6389892654077446,1.1064295399778092,1.0028967009073224,0.7438085921381411,0.8350907937970179,0.825825171342208,0.5130529631016136,0.11342142919236625,0.28264106677711504
-0.9786315680367336,1.8269885068234655,0.913731534288278,-0.5033637520741767,1.0081794891911562,0.5246578067301585,-0.1834626718014661,1.1012661996420123,-0.0852954010881799,0.11431505090577397,0.5116531370079411,-0.007298545894656284,0.508433236803212,0.49214255545453944,0.6620330457558112,1.461505051357561,0.7246552703122775,-0.07450000603489577
-0.02646735742532914,-0.41834786308995864,-0.009828545790022012,1.41438798189009,0.5789872770899475,0.991678653312945,1.2781094043038803,1.2280763417386755,-0.1459139505767881,-0.030374752901308574,0.8192437237553774,0.8827812577566891,0.21308455241319674,0.4254709431005457,0.041361969646629464,-0.08874616021641188,0.49409105242125434,0.4198484379879364
-1.130483042286031,-1.2409406788742385,-0.8347395914375078,-2.072346890514227,-1.2810049065896478,-1.480973890866011,-1.0583148818582142,-2.3463205885073726,-1.7094623096807433,-1.8381072906767442,-0.039854264847538304,-0.9529217101399612,-0.16297392263787222,-0.4579452240832095,-1.3225464747926954,-2.04462490752412,-1.6748859002359444,-1.940914404342181
1.0949250935634056,-0.3618994442753063,-0.7678219101045675,-0.7359160749759047,-1.059788050885644,-0.8572090480840125,-0.48437023785268063,-0.5504370619314133,0.21560403127689956,-0.20604427702669517,-1.3336848666158168,-0.9640195442898617,-0.2470832911584353,-0.18061018486578545,0.3824034470009303,0.02543916195905954,-0.5694803955997308,-0.33023399272411696
-1.218599641486837,2.6836254133851094,-0.3568369260566242,-1.5310846028889842,-1.1728978820324247,-0.4186145254699389,-0.8813370633224692,-1.5570319260336716,-0.6042998014743147,-0.8541696731056058,0.25749219845185867,-0.4913735871587897,0.3206281415266204,0.15487233204334463,0.353444144842018,-0.3154733853601886,-0.4078026230903113,-0.16685721761823893
-1.1496470074906606,0.2554606677618582,1.0241720004292287,-0.6395736294224063,0.6097135252073435,0.46061747915973467,-1.0122792800600506,-1.1089316996406189,-0.460421058421123,-1.139904634280074,-0.0017878232061803413,-0.38390074235824145,0.08125199108095128,-0.242271291209301,-0.601288196321792,-0.5890462026990552,-0.18155033583629518,-0.552714584399987
0.13893416894680724,-0.9905626715123227,-0.5565556551583474,0.9752567592855326,-0.12444548829695452,-0.42125487253643334,1.0041151137240125,0.6625100973487849,-1.0135201555179596,-0.8873336717619924,-0.5481637974714162,-0.21864727120087035,-0.10717948847224246,-0.010035444849476266,-0.8572636524525469,-0.8913064787130118,-0.4359607042076088,-0.48240571883250144
-0.8605802779118307,0.8192828989267532,-0.07257308819005452,-0.3147832351811738,0.39250149311364846,-0.5142125602022924,-0.007844765617909494,-0.6268179204617801,-0.33966228908552626,-0.4333160210940678,0.6767136442121661,0.18392635900851068,0.42357879362864764,0.3250622244036312,0.1813457098306501,-0.17887276470345212,-0.3416963359371813,-0.4978662378962088
-0.2765455160611143,-0.003329969039197103,-0.7790494341780073,0.9339382958270414,-0.6914784474503701,-1.0631217673657463,2.2357387401236877,0.7268058371336501,-0.35082118567014947,-0.7056580514494053,2.1393206588716405,0.36181261744337095,0.67722670258926,0.6385552831131875,0.5280468733770601,-0.22236770503320913,-1.0752338293406403,-1.0350258292415033
-1.102706424642103,2.2882829833701206,2.1208970850280706,1.1174748147420173,1.554993092898362,0.6874504863948677,-0.3320519075980084,0.5678519371479583,-0.4663901268385241,0.8792779879511798,0.6342451514947729,0.6823082790982776,0.3682339645698798,0.6260126087188305,0.4043194323854808,1.004552210610278,1.140498643247406,0.9717954330934041
-1.2696210507675412,-0.8276114370052851,0.6446705225851705,-1.7792372781868808,0.0038240911818615453,0.41763508220804296,-1.6097979466405772,-2.0717129246202033,-1.3438111634268228,-1.6389064653918612,-0.11358042287901791,-0.5684584272333173,-0.1470272107434477,-0.4365017439895154,-1.1982792789781762,-1.7391596605107107,-1.167667657713442,-0.9449146514897189
-1.187281687659321,3.0916007129569416,0.24819225537226403,-0.9701128713125373,-0.2682251202549337,-0.6836776131025053,-0.7706022299431327,-0.5994778313471285,-0.28423978786170156,-0.41377068298217046,0.4291376006637233,0.19083985384847632,0.34049593902996844,0.3416049465626161,0.6175515145589884,0.24027596426911604,-0.35892617888621203,-0.24461897596713167
-1.2496404424374497,0.991981564544206,2.5181676171006004,-0.6073431583504438,1.563583930410493,1.3175742429505988,-0.7255723661078946,0.9331768152821088,-1.0092950265680047,-0.6085001443189874,0.03137018662114462,0.11476557536904067,0.09807247462497175,0.07238369423102174,-0.45317826289226976,-0.20176316581683199,0.1626843693106423,0.377871462648789
-0.3977971455817734,1.292655618134303,-0.41070613359990316,1.2002010147126463,-0.7560220445884938,-0.8975232810897213,1.722857424639068,1.481981562030982,1.0887628305511003,0.9777791225093665,1.8444275556585958,0.9988260030470686,1.2592217902704494,1.2697198355555037,1.9169329999273221,0.9103293979464242,-0.40413206354206826,-0.6413775879780103
0.6944005320054661,-0.12145098745991977,-0.13769538436104148,0.6636240388141259,0.12168856438847395,0.3794587887012131,0.13109376743820866,0.4664563177038452,0.9502721846411688,1.1070120409172903,-0.9018790929130281,-0.1389125042261075,-0.07237273730051794,0.252517490642911,0.5902414823914328,1.6049546762799116,1.7712088655638172,1.46387724655572
1.8002916914016103,0.07535826278221767,-0.6017405252311514,-0.4749144849630012,-0.5461507751300939,-0.039301807826930775,-1.1343984716880997,0.1836479462109545,2.28017384228928,2.093122801220714,-0.9106591829951862,0.09060489226586646,-0.56097724125967,-0.39387438545071735,1.6937599700389314,1.72487200708729,0.5438621263882303,1.316169035683774
-1.171976912047388,1.5692891522423096,2.914034531421934,0.8527524881853997,2.2168562807334196,2.5701267749281955,-1.2817061992922758,0.5027850550170679,0.34018775692599545,0.41154008763825495,0.46214028729902296,0.7414660049434958,0.3697892234508687,0.2247745507382135,-0.15161949227431848,0.762777014491982,0.8928568392416925,0.5321146601631296
1.38478645510548,-0.9067486790802284,-0.8466091694999106,-0.998543108453374,-1.1540878035864943,-1.0149573800750182,-0.6425049587772516,-1.2161011838018634,-1.0988416113400656,-1.153282226754274,-1.4234568155408514,-1.1704331503482586,-0.5163750357487021,-0.40173525854930064,-0.9747157628028895,-1.3968302257583558,-0.9077197614691701,-0.6624925409590012
0.25500383378045927,-0.6975302076863813,-0.7523087366469045,0.17515687082809037,-0.9207988820594185,-0.9982441738220226,0.6604735927637461,-0.3954818615667086,-0.9851647314515096,-1.1453209529015136,-0.6383842356157428,-0.5965184136642975,-0.005169683723121402,0.07000921974692263,-0.4168301779708317,-0.8596682812465588,-0.9611524326834794,-0.9496916347569226
-0.9409968816299655,-1.189062130721857,-0.08863749126728923,-0.9337123728731854,-0.14686906884002726,-0.32193712232047234,-0.3760771204331656,-0.8044034604815941,-0.9375834776636407,-1.3999152952444387,0.45315643128393424,-0.34588210977157374,-0.11012330665506724,-0.1878627050142876,-1.199720942281315,-1.4209076153275222,-0.8304331957820886,-0.8511972193517264
-0.16061040720564834,0.9544124216388673,-0.5375595023250076,1.2834629544866625,-0.03170938228921886,-0.7730645953411359,1.6770414344750142,1.2350496308879337,1.2601790673616806,0.945096960736241,1.1416105193921136,0.7342917420713023,0.8670713480632081,0.9876595117411516,1.7395048982081966,0.9106399111296497,-0.7691253357970267,-0.6990237029066945
-1.2801221779582548,0.23193575762495813,3.363005961724037,0.38844811439262794,2.253430361839601,3.199741962581744,-0.9490632040642748,-0.8078665626526403,-0.7121407196836871,-0.834769813917269,-0.14051885406157014,1.4171710579130792,-0.01865200625598084,-0.5638003924340228,-0.7894954636107963,-0.4741771672895861,0.5939990566355712,1.057010117010744
-1.1486395313004487,0.3744821936301377,1.4193517648322653,-1.4538309152299331,1.893658771755462,0.32256744559080036,-1.0108484026246918,-1.1480806294235415,-0.39823309659205375,-0.5354783630015484,0.10217477263822476,0.6073193667156381,-0.02790474022585186,-0.20907493582704084,-0.5309654042482234,-0.6775051588271374,-0.30398742488331587,0.2967244276952532
0.586705208310388,0.5024803557114562,-0.8279981114367366,-0.48477002943748776,-1.2678748437543008,-1.1928788262671561,-0.10048240964443701,0.09523291790339311,1.624644006471858,1.2571073168251639,-0.8545056152309036,-1.013440472443152,0.1753829278802931,0.17214259370512472,1.7323009878915898,0.5542283393565914,-0.823181962602163,-0.8772336270336417
-0.8674626321718443,1.4895275901907865,-0.29302658223670036,-0.6837289053627674,-0.29602904691988474,-1.1033434284916048,0.11515664659882834,0.0863222056947515,0.017325433053977442,-0.23444298291806537,0.8856901059295957,0.24393411393156605,0.5997746026384219,0.5344335740337219,0.8270269071743451,0.167651847805649,-0.8900397538773773,-0.853177496471038
1.0023382010475583,-0.49183828645947236,-0.576749755497969,-0.31708802635222905,-0.6538232658460632,-0.4487122921977777,-0.29925801409976754,-0.12211269462204073,-0.1240784645886198,-0.07856367983398191,-1.254384311731395,-0.8079339746222829,-0.18868343018161493,-0.12521245830772068,0.0237559486899986,0.06914937468878853,0.04694758440129813,0.2689303683534023
-1.2036119176872022,1.6653934822373235,0.8764241056716943,-0.9679607823198922,0.2766569187593049,0.3880923989190134,-1.064898705563472,-0.420919143813655,-0.3619019006161771,-0.8830246820535427,0.07718965366716542,-0.0014494063721752712,0.15800929286431187,0.014514740632314985,-0.17616210731797752,-0.40266206886789685,-0.20611267426045085,-0.4585826631759099
-1.1679047035607149,-1.4401721846857576,-0.43876222406237436,-1.736566022280234,-0.8842584225603354,-0.6992584076463734,-1.2273443289710726,-2.0643308833363583,-1.6936535790568128,-1.7798987823962555,-0.008898695669935466,-0.8330472588241238,-0.11471002956237471,-0.40694177986136404,-1.461933103659202,-1.9065895364336267,-1.4171831284900576,-1.4123152880376573
-0.7523671164392314,0.19827540470409843,-0.661709687036952,-0.57076355159236,-0.5711099673653255,-1.2619635849341289,0.18101102560577909,-0.7139745411374333,-0.9215965855221513,-1.134604208300098,0.8564867148949433,-0.0632821866894769,0.3539874461311272,0.3018973578181674,0.061475879711101716,-0.6779571358875845,-1.0684619352793958,-1.1848896432920928
-0.6328292759464308,0.5776325204125233,-0.655468592524575,0.08930628084845586,-0.2975460062753878,-1.028847456320534,0.934111970508428,0.27596164222431546,-0.4392436033695809,-0.47721817679064277,1.2725843979633356,0.17228269624036638,0.6503884975184454,0.5737677384522505,0.64452676551732,-0.1735323143287148,-1.2291798060376915,-1.0343012911830063
0.3560558474938769,-1.221345472520669,0.02531427821851789,2.051562676772239,0.9082621458450808,0.654422935370919,0.5575226883003002,0.9082796536240728,0.05649278883144568,0.37314844836085304,-0.41654279785199,0.8574586805287383,-0.2028445196628928,0.03696678160033531,-1.432786723817689,0.3282680743732854,1.521865450147842,1.5208663493726522
-1.029324054386619,0.7305590299433796,1.0029424661350768,-0.27456982171713495,0.979271715219027,0.711952212453946,-0.7212779455688121,-0.7189460251496489,-0.16891742909091076,-0.474719969849979,0.2677498828642737,0.9212480410205555,0.15833509552153144,0.0921036750572703,-0.3056508300032009,-0.05743959844407466,-0.2637732166875344,-0.2932211179262039
0.49363167791154416,0.11943362878456033,-0.48827268900427884,0.3432168499978962,-0.4539821038585541,-0.4341285065368923,0.2211896840975123,0.3606959491825815,0.9174115937850881,0.8701194590371378,-0.9035674195457658,-0.38539770410536145,0.16984413481083507,0.2261893419233872,0.8461814897828919,0.7481294161881752,0.08805930919365264,0.06852269250909065
1.2830122432137367,-0.375598065747507,-0.1117960373019165,0.18528114439193163,0.11991788663690933,1.0481835397261152,-0.6514714544326122,0.25498449002461243,1.1209282933521623,1.446367860395616,-1.1017604393646214,0.4098295285772674,-0.20302661611759806,-0.1434544175530664,0.3454980738739502,1.5332385013505445,2.247954992759879,2.66484549929219
-1.1568985859748202,2.222555451756323,-0.7840921293907288,-1.726123285635843,-1.158026973337695,-1.3261129290001166,-0.7284978242157464,-1.628287133598262,-0.5921203012347634,-1.0402612500140915,0.19961110630742193,-0.7511479067121078,0.30656525843768556,0.17357289403512038,0.23618779490344266,-0.4957425788288772,-1.2859821624172603,-0.9609702238256151
0.7161556323872322,-1.217326527716911,-0.9676297189581936,-1.1265325186024957,-1.4534923981229007,-1.4709318554886865,-0.05409228910260874,-1.0632461675656837,-1.2841233367472482,-1.3087292909702193,-1.35075723237984,-1.4621575074695876,-0.3460331837162826,-0.30796080831260303,-1.5883906249710638,-2.000848868234317,-1.5092677211648582,-1.4329911843517267
-1.2252347951429776,-0.5956035485452476,1.4569434896420719,-1.073798139046893,0.27295287293024206,0.9957632758796758,-1.071186956056313,-1.3073121871399258,-1.012375334719764,-1.2053062038978304,-0.2308551897897128,-0.04471484759011705,-0.0020711854527988784,-0.01446792463471282,-1.1007257173231626,-0.8437226988968016,-0.667532311794711,-0.353592887944766
-0.7970364948095493,1.0377278363517564,0.7680008274363755,1.5142014494275904,1.1263640254649199,0.18818690913737487,-0.06571005440257657,1.2903936117023773,0.7930285182496435,0.5534689887883317,1.0111963842781366,1.0643353072779893,0.4608373185480139,0.5540920824577893,0.7401318784727325,0.6832886282148705,0.5651638222450699,0.23062816036750297
1.1312648736209976,-0.23006625349398846,-0.24947646045426455,0.03335078329715989,0.44275539255234153,0.44028221087012415,-0.4707589658861071,0.6879387734415648,1.0138726880729452,1.3454208971344508,-1.1402955657667941,0.0005594363281207363,-0.19101699637661262,-0.04481255257560702,0.6264306550218074,1.3401885650667624,1.3407179751247271,1.7159021573600932
-0.3014019539539916,-0.9144371878163394,0.2568222177725814,1.2703887858930816,0.6952340007741811,0.9081751115246334,1.5788800969998968,1.1291018555325942,-0.5946917327139188,0.21210749888897795,1.3452153849770796,0.6942880776850933,0.06288307768094303,0.24861810116001776,-0.5216945369285363,-0.2648534897283126,0.588791861911773,0.9903587362497825
-1.2969320092839032,0.8851017962306185,-0.4166528047968255,-2.308026188719105,-1.021633531346196,-0.9047111931189031,-1.594022894697215,-2.2480392851291082,-1.6458303936415803,-1.8713166875824812,-0.17473373703080938,-1.0282932144243668,0.005380084071420028,-0.4019746442967346,-0.6419601272819521,-1.345414603814655,-1.470949934745977,-1.5944012990051128
-0.9713664091926059,-0.1496209492536984,-0.8932331960857302,-1.745025825552664,-1.3182740506197124,-1.5807874041312333,-0.6279479558545764,-2.0938583453501423,-1.7167599445506883,-1.8291397762967736,0.1609307274348355,-0.5408761908048891,0.06809844120778652,-0.09085947474481532,-0.6251240003971957,-1.4565693865863265,-1.5920929443611587,-1.585015443555313
-0.1819842843635448,-0.640233565921301,0.2922610081447128,1.528020362163653,0.9242391955550435,0.6363147964954078,1.5203147569179616,1.1707860402068413,-0.17108142063903709,0.4737241950948882,0.643352460075841,1.127645934535884,0.27822952306673693,0.4122575399378162,-0.2417886833556704,0.7138467892245969,1.1682043547951186,1.4610795484035903
-0.5562316166706325,-1.1317404237296884,-0.21112126044872248,0.7357279908703097,0.5215337985967441,-0.42604886611317744,1.0846057456617768,0.35710177476836324,-0.7771434723037631,-0.6902199634806694,1.4688892920054115,0.3505263414810923,-0.14623656196532503,-0.0025404205934788033,-1.1227237061958621,-1.2418742307207231,-0.4229861302345195,-0.6023318915142017
0.4169334353908566,-0.8403756836000471,-0.3490999089315289,0.5279161750899137,0.08347753884141806,-0.04186654445142688,0.4760014508766386,0.10423387354897942,-0.5916033943045139,-0.48961502405891405,-0.8186651077675385,-0.38553597982493243,-0.08770904430700319,0.0043562501872041436,-0.8094843834686085,-0.4279053357512437,0.34932322091307944,0.4414475755773396
-0.8999766089879334,-0.9584179374819765,0.9658025068960175,0.7660110588212927,1.3550685548863135,0.42038630796840015,-0.12052351197861275,-0.02488345699527675,0.3843927242133744,-0.3205019889713046,0.7433600074619067,0.26127732219497596,-0.0763402989808214,0.17678721138689962,-1.0098218400870322,-0.8940007131899168,0.02875919504320934,0.05462886747130958
-1.0667890299605391,1.1822780855005117,-0.531612803325416,-1.5322488425677767,-0.9244280483455256,-1.2374455965502345,-0.7188202138749867,-1.6354807827267814,-0.8635447077453656,-1.1826272812166874,0.25046025234113917,-0.5885046629832619,0.2176295465009637,0.07043573732556324,-0.00906684266349845,-0.7108423980467673,-1.237985494329973,-1.5562430517015178
0.006318554090762135,0.6058556185295079,-0.3026173492769271,1.4271018317431114,-0.11145025998546584,0.23448282004174517,0.9938572362215541,1.0220760508403528,0.9605834804522636,1.049769068371316,0.3383683704371797,1.3412907605525077,0.6266070569342407,0.6215240803945495,1.3794652232728288,1.2174466377250897,0.06000091370673433,-0.1304285159121514
-0.7807128522231593,-1.5370566894560966,0.13900026113807776,0.8045885033276999,0.9463646229921305,-0.427052121451187,0.49160694058044735,0.6293919344784249,0.4732903663025527,-0.3486580364437972,0.9283547272009484,-0.1292763623425964,-0.1479852489804623,-0.118909126860695,-1.5852456791157459,-1.1702194431818749,-0.3145645499681254,-0.2708000488345253
-0.4088417897194193,-0.3884354518916236,-0.9911049929995879,0.4966405138725483,-1.2858726419506592,-1.548890852388368,1.9489491373323897,-0.02658478532355822,-1.496164708648484,-1.5664766666771037,1.9015301673912552,0.25150303614749325,0.27785364244352184,0.36352959971820664,0.013508240163265423,-0.948850500475893,-1.5474066431962943,-1.533058451697593
-1.1892298735754647,0.11176265591630688,0.39115748633081365,-1.3455164031985312,0.2784443199929356,0.5739029360798477,-1.2579728016580403,-1.9724633471278328,-1.0160796268413215,-1.314032240611981,0.10008035101961815,-0.35335394862658454,-0.032861393536684214,-0.3046263035415881,-0.6910263989701191,-1.0745430596509982,-0.9175980744435427,-0.9808829592516667
-1.2642873191638317,1.4436554439459535,-0.181601380308384,-2.2394132740738524,-0.7524865635788051,-0.7148482610926049,-1.3367605164400684,-2.018915955514226,-1.4161544372492485,-1.6958646189155275,-0.1700625033509324,-0.7413574381310962,0.0424961998887663,-0.2771041445674606,-0.3719980201290016,-0.7290163345493362,-1.1755145447680606,-1.3277014237131095
-1.1170216336703784,-1.3847094901952095,2.249172275301986,-0.2715322608549428,2.971382637564537,1.123354308769657,-0.9093980561264984,-0.17216489651955955,-0.09904765341088448,0.7385595977495931,0.11952676321882809,0.3926083980085821,0.02394713453294984,0.18291019727633986,-1.2536957717372137,-0.9201002200983956,0.9689226809534656,0.7086529414853905
-1.3042746329466264,3.1350870657049237,2.7607355487945737,0.1731799600994104,1.7383463620927124,1.542048940000587,-0.9497984588243367,0.3118951590292059,0.4126159167208853,0.25679394782019477,0.5108151209791604,0.7708322229508042,0.42609832060879416,0.16237409754804655,0.285223293474912,0.6620264349769374,1.9185043455575992,0.7759571981728559
-0.6646424013879658,-0.520040196626684,0.409741269975568,0.8691730709310082,1.4367709296835431,0.5494366307201186,0.5319348624465301,0.5927885598510427,-0.6003991256097132,-0.21768898269120268,0.903662512285988,0.799419749695669,0.13082160559400685,0.058900759188780474,-0.43444902487202186,-0.13508003630733564,0.02970999746448877,0.20705080478085733
-1.0732939537660267,0.469042476263212,0.1662387376573435,-0.7163443862230849,-0.23108858034056332,0.14742770780088377,-1.0200824445388017,-0.7686149228685314,-1.1677344277456956,-1.0795217223656706,0.26297128448713264,-0.47271347238680933,0.05705945201572809,0.002390267866969336,-0.5112065988429534,-1.0022988290159967,-0.4413297612646268,-0.7192601641851756
0.6819248847279127,-0.7851863665335328,-0.6944252129181419,-0.6023447075689077,-0.8906526384083556,-0.8743827122437962,0.06504256578703256,-0.7314175160509522,-1.0162257118159652,-0.9177060566323091,-1.2456576774054715,-1.0817077469132108,-0.17819249365791415,-0.13090759194600785,-0.6664074594412994,-0.9694154825078805,-0.3881032577166944,-0.5262827342347587
-1.125110768535302,-0.16116529278651257,-0.5443189011460351,-1.7995855794283317,-1.001447871544045,-0.7831875045335962,-1.085378724887868,-1.8821112848489625,-1.6788680372726255,-1.798067870600042,0.024029673266975523,-0.7379108460929077,0.042411340492060995,-0.29325967033672795,-0.8803783278463362,-1.482556227675836,-1.4636008612934297,-1.4215239078922162
-0.44682552007265913,-0.6466547336949792,-0.05303738285817903,1.0969601369682376,0.703222453723049,0.09229305688875779,1.6167800875646468,0.6547372772295484,-0.33114418818488056,-0.53976074449873,1.480839352382625,0.6980460971270885,0.41995753780894735,0.3225747153597626,-0.378939973759147,-0.3309376727765287,0.35182687707222665,-0.1899661511596221
-1.2987165134980714,2.934134283751965,0.7496999776540562,-1.4068011700289669,-0.048162831299972945,-0.0030873999829708026,-0.9549641489565306,-0.8178898020316551,-0.1769481502004027,-0.6943518268163523,0.21024030653636414,-0.1472860873223492,0.2929364050965843,-0.049514763904895454,0.12088703514351011,-0.11746908498943805,-0.6375926756128247,-0.333347555003291
-0.7164656039792929,-1.1407282707571869,-0.7877665509953904,-0.6144881276936791,-1.0687249581307667,-1.3009272344923646,0.5852990769576734,-0.7655017921317846,-1.580755572635407,-1.6063402478082778,0.9944706770511642,-0.5391678823058478,-0.09127781907841336,-0.033194513493772025,-1.0806409628372617,-1.686938626695661,-1.494508093883352,-1.525805489573269
-1.0319405349944168,0.7734568149322465,-0.7728551246071145,-1.6888051523642176,-1.105151139835893,-1.339077755879767,-0.715438196155597,-1.8551276307430655,-1.034601225171019,-1.3762969235391331,0.22875043221200247,-0.6271783847513507,0.17858585428548815,-0.003323322974609109,-0.15167863382999827,-0.878163185828141,-1.735569431318541,-1.6243908559468252
0.2674547157713465,-0.04660441291613644,-0.07913745128711183,1.2949016376721625,0.8829894604036725,0.9171805165246183,0.5959421677475997,1.1201284285191146,0.555035153686529,0.7385602875844711,0.004088933941918194,1.070936450799187,0.25130710289330965,0.21890106338537021,0.5875640820580312,1.4884868244699792,0.8207665412146834,0.6870818707190783
-0.8984970733718888,2.0647088241790565,-0.2001016516857287,-0.17834394154257652,-0.31047480467740723,-0.9503938340254043,0.2218197196696734,0.27993603902425396,0.3423118245237119,0.041383880646026536,0.7673691192153362,0.27209020455517424,0.6617566839557738,0.9728193477875029,1.0001289952078796,0.5081985465487349,-0.4615150709218835,-0.2832523444615227
0.5624112979969662,-1.0671702251256092,-0.6150163901009867,-0.48955777536173956,-0.9125398646203279,-0.614187018819055,0.20611828881179167,-0.6541452450326919,-1.0082586947700225,-1.0195966075176446,-1.0722263838161938,-0.9261532071262677,-0.22185850721839662,-0.1697007533990276,-1.2217807476532134,-1.2617134421597531,-0.29442285124130796,-0.6071134292107726
-1.0650044009842214,-0.6918586272780978,1.1007429492026077,-0.46231104099857756,1.6604226154310109,1.353867723168038,-0.7940422375197707,-0.9542738434149982,-0.954187502324868,-0.7832125844401574,0.16284360671559503,-0.09146397464944271,0.06590021384985602,-0.23362290779674993,-0.9315342391900691,-0.8773964313419883,0.017582879384752836,0.017978931716251714
-0.8183866359685122,-0.4494620931805416,-0.17063152442180426,-0.1361361175024298,0.6351603773998206,-0.3237379475425395,0.014830482568842524,-1.1512259982216049,-0.9502745461042196,-0.6982368301528024,0.6507770785567005,-0.0022313424003084143,0.11888072432777604,0.002902273646312659,-0.6129966507177995,-0.7328512396226073,-1.0044804974688413,-0.8556392407135385
-0.3386699737606774,-1.2720705747317513,-0.6739570755702076,0.6595497666992889,-0.456586966455105,-0.9110542880900983,2.1989102482467344,0.6198201134947151,-1.219574361339189,-1.128263657220251,2.0283981696567417,0.09617890270012615,-0.1355399735570831,-0.10275515349459907,-1.121169008625191,-1.4947415727322766,-1.0949898240641163,-1.0372633716725723
1.8736951776508888,-0.3314062443502481,-0.8119926639193991,-1.0091410829421688,-0.945624617588604,-0.7952326756214327,-1.0300509634331574,-0.652029540115677,0.970632033343961,0.6450982755601424,-1.2088883583775776,-1.159941243170974,-0.6478838168102278,-0.5483006817060091,0.7099092920050897,0.37550947838008614,-0.30061162768531846,-0.41140846878906684
-1.2657732426019284,-0.29697452864796103,2.384112453483219,-0.7592815425006089,1.0922696041778495,3.1607524480149842,-1.3541731377303816,-0.9669157524807594,-0.04723161316995227,-1.0666358602238772,-0.136036249049252,0.1045724069240916,0.04999502573945658,0.03590832088354991,-0.9960434083411825,-0.174397950054378,-0.17988149887920618,0.3550084710899264
-1.1188126504687481,1.8334453974412963,0.14990961841662317,-0.9962536643772557,-0.2237746877769988,-0.21544404194676045,-0.7894927363040968,-1.01834742562392,-0.6209258915280312,-0.8916352124650577,0.299718365432597,-0.4354597045954091,0.2701410692570506,0.06249024545258338,0.14217808855501612,-0.16489003587602163,-0.47086106611340733,-0.6458043592908432
0.8693142646287821,0.45307872686393796,-0.1285844079820485,1.0100207522775502,0.05257160620668779,1.0267065579491725,-0.4818440880565607,0.8646603694908417,2.348722893071187,2.6371468630311186,-0.7887059255105366,0.39168068803606976,-0.01960170073398989,-0.05502115126261258,2.041591449203875,2.1845797354322882,2.1509439010679894,1.9806825965271695
-0.9993960538327864,1.539911775940158,0.4060028327252269,-0.17102294429938858,0.1544315863125222,-0.19311809090462007,0.08917016981641164,-0.21106199540223247,-0.49080932614407435,-0.46531374119003743,0.65700343652668,0.06806277317338899,0.3647373850555571,0.31599723213464603,0.37146867666164957,0.33330308104422385,-0.6812544282621403,-0.13659635928356156
1.349056503077255,0.29012247931148255,-0.7194295364525267,-0.6148544252632656,-0.8897974194064391,-0.7461551099871342,-0.8326630526595039,0.16775549636314374,2.4577885092770084,1.9147643468140605,-0.9592390287792565,-0.8912260403812295,-0.3521123706204934,-0.21415858871473598,1.9734863056110896,1.3407981690892627,-0.17489664140110525,-0.11697008387882216
0.16000861694601598,0.7354774002776661,-0.8865489409287026,-0.002352163713653164,-1.1927956977284406,-1.371871801194154,0.528771508116795,0.5558740374556855,1.3024617022322393,0.8948525345707182,-0.3977773871070777,-0.653306313021181,0.5842453976543799,0.5580544412931217,1.647145838333492,0.5371977949939849,-1.120710490118925,-1.339292379411154
-0.24855989374536877,-0.2511238151305091,-0.6349043969547852,1.0171193338236837,-0.9250405690197893,-0.55645692389782,2.085108243867355,0.5537008038182389,-0.6026399845716569,-0.9215580353423765,1.8481675599084633,0.7596755368695436,0.6070810900590468,0.49281686539123903,0.20886285431560203,-0.0018946314041825626,-0.9752935272503372,-0.649002392586846
-1.2181176541129615,-1.219998564148888,3.466973730168063,0.8836818531578765,1.63876348244229,1.703377683335532,-0.6698997626036455,-0.5398222829960045,0.8169716103627254,0.3392229308664808,0.1432340005988963,0.3134849443114597,0.074163891407352,-0.05098678147689952,-1.352692160440417,-0.24183636681970774,1.4330270678218864,1.4803300623041917
-0.9309333607975132,0.24395111691828528,0.03857234938010801,-0.8638837039921212,-0.26874581226495586,0.19758029936322316,-0.5278135103375318,-0.8360739974532452,-0.9222075285553385,-0.7686693390618368,0.5504651424293301,0.14712367558317446,0.2179251060801878,0.07636850130392751,-0.2794979984996569,-0.6388592965089618,-0.7251755415504746,-0.6700661112670425
-0.6856641498552452,-0.10564843880235589,0.27374227579506305,0.9598773763852065,1.080307327174925,0.19380683307310043,0.4369085197057576,0.6570297518480043,-0.0025183601077585884,-0.039423813037118,1.0059121420738895,0.9239513071656311,0.1700076306647677,0.317877597401443,-0.14666668986647202,0.0897380190096043,-0.33225909550028027,0.050456521091389754
-0.009935614692704747,-0.6012840486495771,-0.40703887118254345,1.0635617346132948,0.039977719009599476,0.17001203030176326,1.3837908954515623,0.6051643412463428,-0.5901821120162462,-0.5895792501658487,0.37987780922182485,0.4151348736764428,0.19194765718328585,0.270204630137027,-0.17681306349612774,-0.4411496627473435,-0.20588746930587082,-0.41307640877329316
-1.2677342041621762,1.4046578866208275,1.8110233050360522,-1.2943075774419817,0.6355555761034433,0.7465348778868294,-1.2078096067169353,-1.1747200850582242,-0.3410053415380922,-0.6187482303021498,-0.08936681694787334,-0.007761836715337012,0.07640548958791357,0.04694951580336773,-0.1924781698866675,-0.1785315110575646,-0.32280818051299737,0.09120065540582195
-0.8261351639273207,1.2317987937589068,0.6336544169584878,1.160975812603543,0.8583378358451335,0.5088157475630236,-0.03427730399522822,0.5009521643275278,0.6431670648053838,0.8086487667793012,0.8249565211979389,0.5161614117019291,0.484496879884106,0.577212995111861,0.6830065421950351,0.6770432728845924,0.20042622150849423,0.6626317450832346
1.9540862550332463,-0.059396711024807404,-0.9507097026397155,-1.1776138462551762,-1.3285182161981302,-1.1789384864884558,-1.185935121454202,-0.653933451792695,1.8761176264462418,1.4336489108960861,-1.0527066232767641,-1.032088925943918,-0.7615102603220162,-0.6904217678557164,1.4152035237840312,0.5596670797555302,-0.9327399204399136,-0.6018756325971956
-1.1858021395670615,0.06755153135685868,2.346999407227881,-0.7602938852361204,1.5164302139079857,2.3005480233889615,-1.2392962587434784,-0.2240903230831853,-0.48062426128167646,-0.6432450577207464,0.04876395036754513,0.5409078658568578,0.15146627009585023,-0.029283989746312647,-0.8438056220675805,-0.09490673867884454,0.5994688914391412,0.39511972532231415
1.5449684415502483,-1.0389271042002672,-0.2699089964843736,-0.024764653646891708,0.23404820934620588,0.8222021070221022,-0.7966830915424467,0.17190725134485352,-0.20588601752271202,0.6352170434254756,-1.3017951909493015,0.18431640838982655,-0.4300642033561255,-0.2786645982863093,-1.4017871292986575,0.46617881547094364,1.7033739525575462,2.556022794073572
-1.247855800984917,2.865115687821501,-0.0470906838585874,-1.3582956748187087,-0.39903502895476145,-0.491294415137948,-0.8831063507804394,-1.5034072683294477,-0.4320840230214896,-0.7373212463106014,0.2429364861565084,-0.15067822196124087,0.29037294944108555,0.18919427958581336,0.2394897625984998,-0.3804648001094584,-0.5954046200774973,-0.07301481210776231
-1.0959986874864642,1.0061037198164653,1.9341506156492472,-0.2233293259408866,1.2685943844494603,1.7503498702865024,-1.1691289142414152,0.600956689436161,0.18763577689086716,0.10980712633851701,0.31448303892100465,0.37094017523873446,0.10073778006681908,0.34636819046388934,-0.24995557699257628,0.002249405459792543,1.87075163510438,0.5356529616434798
-1.2095005819745186,1.7957628980255622,2.655420810537711,0.018248715326692692,0.887691863201961,0.638422557724487,-0.8669258910038321,0.9549164978440858,0.26691390017102656,0.45752655656300417,0.11766905710014218,1.143979809451976,0.14512479348247584,0.2899223315468257,-0.11473482872579119,0.6901224608610022,0.9446160023722795,1.0714636011848755
0.2927287076260136,-0.9636169991952322,-0.9091141015466849,-0.2951898564451832,-1.3235936819852663,-1.305602475601726,0.6667369352719612,-0.6040455918148154,-1.4713922217620883,-1.4613320864850747,-0.8330383419189933,-1.1320161214647437,-0.14738592394123817,-0.09889338352842827,-0.959042424181325,-1.3890935311459958,-1.4160129967912543,-1.318826611615976
-0.5956886133419069,0.8513721124999889,0.28365775715876523,1.2598091276475072,1.0346684956835692,0.380558572352464,1.194621150878069,1.5304421955075271,0.7863975105771832,0.4050020751638635,1.4879125913807931,0.9614042720510967,0.6734046842817194,1.0105679594436114,0.9238512375107676,0.5404512642394502,0.44093027057481426,0.5784427646337469
-1.0112198126413383,-0.7980990854343742,0.06065174176299289,-1.0565812773409669,-0.3262527171280274,0.15271415458823287,-0.6177781980286935,-1.6566337720902915,-1.377652270303966,-1.3511303241321801,0.19494693860822393,-0.43838791365096336,0.024302724659991993,-0.2435977075851969,-1.0207863483394732,-1.3458708539157331,-0.8587294851623523,-0.8137553731618271
-1.2820154373381016,3.584761136524768,4.5289032252438375,0.8685557055152978,2.378693314075525,3.19589014143329,-0.7994706732859806,1.9065741328948718,0.2679367256863081,1.5270861954193686,0.5677452724665042,2.6474176896937633,0.4331717983112523,0.9248456342891337,0.6718972899267424,1.7051820224213237,2.442178576016373,2.1438791567586355
-1.2877231715562807,0.6009458741581373,1.583231685709034,-1.1395062194516867,0.38615933628005883,1.211587742571501,-1.2348380455066577,-1.5216590310085214,-1.2239304888023639,-1.5392658321412973,-0.2744576584048701,-0.4474803162718065,0.04637282079175223,-0.1192467577284151,-0.6897436756920241,-1.0345073543763288,-0.3833320540160868,-0.5050831149337913
-0.8655742010871813,-0.38372751197162525,0.872877798766399,0.49908610116376767,0.8029695418789362,0.9708294742831501,0.23725837767124106,-0.8358021104319165,0.11687954280207499,0.045091496624506615,0.7926190103040786,0.3956538072826825,0.01964486398996634,-0.037812752632136674,-0.6517079291065829,-0.3656272242155669,0.32265237023235843,0.017029255509933585
-0.7185417459559159,1.7568187658612207,-0.4350415249149404,0.2617280359707505,-0.6845794560993543,-0.8408761464248148,0.898473650323307,0.5961192229095871,0.7956751910339854,0.4971140417719982,1.3715014629686377,0.6768593379394062,0.9000749590189908,1.0235960707936624,1.5697798088488457,0.43544444274426486,-0.9183703847823143,-0.7778798984298572
-1.2021258570107412,-0.5565684325439072,-0.2894731439467725,-1.7822089410154311,-0.8103305102878023,-0.851237783869703,-1.347045853730969,-2.3332346577010736,-1.9230445359463444,-2.029661020721734,-0.15016765758078732,-0.7407567711938794,-0.10948382651827758,-0.40337962201663935,-0.9918073656593333,-1.632065284855811,-1.38925785241855,-1.4132339238772351
-0.31789894730893953,0.2619075371844059,0.1594505908764323,1.6556278683827654,0.5048573578351508,0.725914872588148,1.7226444403165402,1.065649854849341,0.3336849914869677,0.697138119264799,0.808269839632188,1.4811142274316058,0.5871441692620176,0.7167125470825496,0.7722206627286694,0.6681727256727069,0.64369827974628,0.6224067127752317
-1.1661137990482795,1.933185962449519,1.1935862024623325,-0.9573861070349216,0.7765800122342321,1.0473716764644523,-0.5136252716114077,-0.06211404031890074,-0.7995852012033295,0.1177366157310505,0.4165453840761865,-0.05455201504451136,0.2347880038913607,0.04726587695602426,0.09762492709207506,0.18014632965626412,-0.24825552154685265,0.17414473593412272
-1.0498715507332887,1.635882383927767,1.2290392138997257,-0.48388178622141925,1.610675501019601,0.9424059024408307,-0.7530398780506411,0.694967949224433,0.5035001012171557,-0.2116155267017844,0.540760732204293,-0.07911091125572273,0.41267034015559767,0.23234948862864796,0.1953418204239577,0.2947512883109201,0.3797961905811702,0.37717297440058795
-0.4939660030751782,0.14566280277334395,-0.30915307562477706,1.0482731088044084,0.32432989519632366,-0.6433557479915099,1.1511364050800303,0.9699210697799255,-0.19106951174117764,-0.19128930580482906,1.5023875330355312,0.8060987451507515,0.5589904006918025,0.7322454884262161,0.5272246103096857,0.16291136269809767,-0.5369495362849955,-0.5904305023964038
-1.0308099903009305,2.470266582598244,-0.6298688192253618,-1.1077970929101506,-1.126912403562964,-1.1575434186731046,-0.07187066434333841,-0.6193067806436542,0.16857163886399634,-0.22477422777413933,0.5984522228949101,-0.31503078403076673,0.5399021474509308,0.45497120644534017,0.8340217616156822,0.06960980211939188,-0.8635278961040393,-0.6092380975205132
-0.9883030643622271,0.29876978193923454,0.8317740755450078,-0.055233771679063,1.6020889006363974,1.2551831819374926,-0.8761685940737199,-1.3448753997540266,0.00994956480330962,-0.25963754559074037,0.48546344207226866,0.534622408644879,0.16442779283283812,-0.06516958764124912,-0.2581178107267666,-0.14989697162441643,-0.1356198199030534,-0.13127095468695008
0.43306714631902626,0.5088915071854034,-0.24400763373173665,0.8756902469398367,0.12053426106477005,0.06429360924824647,0.06594257894147976,1.1045986683783877,1.5200891013409745,1.649448864643352,-0.5197462844558438,0.20161640351663812,0.30281669870590605,0.41367965759493774,1.367704966224009,1.3307614355113373,0.7464634812858999,0.5521619835302561
0.8420061007845678,-0.47771722779089815,-0.933009237595996,-0.9574081621322337,-1.4084270971395183,-1.3314462779118348,-0.1718721800391494,-0.9213892649348407,-0.4956359304929852,-0.7436204267385136,-1.2957307873741355,-1.2328536972526214,-0.1763456366627257,-0.08033856257995181,-0.004438992371021007,-0.6683831270342505,-1.2012634517898753,-1.0940341643576796
-0.2863513718644085,-1.510927208491614,-0.46561554325546894,0.9758195343871372,-0.19761081733149455,-0.5997973997421832,2.0344970932586524,0.7434013361805958,-0.6784243963087938,-0.6937467132951985,1.7078673162916358,0.009392055535301766,-0.2431518565287921,-0.21713863265792258,-1.5494585699086838,-1.4995784422637077,-0.5292713842537262,-0.42659895487595684
-0.8703986099300698,-0.35978378245140213,0.5469838705957388,-0.24187855170637373,0.8935340758466167,0.5952754386621233,-0.3810336346578103,0.004404368021936733,-0.30320083418366117,-0.4512068437957483,0.4418405408085001,0.07310887226050297,-0.0637564958170295,0.014520289698281568,-0.6094057193990242,-0.26915167887732155,0.19375838203291995,-0.23309532171704195
0.12257480695702908,0.1256153453107126,-0.7095749290328921,1.0605956706943478,-0.5534855256070653,-0.6739996894273367,0.9677319020528748,0.722305828268692,0.17478230479864024,0.13781681702368104,-0.245982606058655,0.06525407420146986,0.36248785621391183,0.37864500887236574,0.7867335979889003,0.043926082095715864,-0.8083645472027452,-0.886569267412292
-1.2136574914844556,-0.5355100141857576,1.723893458579221,-0.6301262937551425,0.5093894933828751,1.8347612264092896,-1.1999739844935218,-1.2370757004229442,-0.7406990403958829,-1.269320562478578,-0.003929852809543513,-0.21456865341523876,-0.024957671477829967,-0.17380747173692818,-0.9336780930627796,-0.9160066349435521,-0.3555851125234815,0.018430182860426456
-1.170922225859823,1.9131681132863854,0.34287741461006976,-0.9640787864243348,-0.14618808657269383,-0.1197352508508091,-0.917825435858768,-1.1005377416999256,-0.8450395446317779,-0.88691858113522,0.4177808051554723,0.15984915512039582,0.28120252315369026,0.13579282279519625,-0.06380241177942421,-0.35539846319240675,-0.806014221012981,-0.8235771598683388
1.9263458963890032,-0.4162719923140571,-0.5608287794401258,-0.39854952039790775,-0.32993022457434173,0.2722529350795267,-1.1146438729324313,-0.14055358081235506,0.7469403373120774,-0.6601284631454285,-1.1755369272256886,-0.104384624249753,-0.5140414898229517,-0.430304899312025,0.5602260887082465,0.9273661674581676,0.8019790797045584,0.8245848417049938
1.4011451184272221,0.2158542701961004,-0.5334047062030606,-0.3534477951655412,-0.5102516646386839,-0.10104271403253322,-0.9118843486799136,0.4906756715953369,2.3803013458656435,2.0801877893141176,-1.234953522420944,0.009598782815537976,-0.36565993741099073,-0.15011139948477947,1.7584204281249272,1.6756193450820325,0.43954774316400913,0.7810086082140693
-1.1817826680409622,2.994111064087855,3.2857864114331146,1.1170329837403397,1.8132562735451847,2.0550528632349843,-0.3928063346569697,0.2986441913769771,0.09811484111426207,1.1752148157844133,0.4159109746254244,1.1956466342261447,0.5477842456936906,0.6312274676171346,0.3103073430901371,1.602343280208299,2.166443678073599,1.58582287477599
0.40152837908224664,-0.28495315761657447,-0.09313950102270778,1.4919597741152097,0.4867002873904241,0.5631934904342624,0.3877554337655443,1.207611482753265,0.2841772330905178,0.6258480799583198,-0.4638740777142644,0.28136748775861936,0.10343811632554009,0.28530015015302956,0.13757599525612915,0.9186446224022978,0.5818759162295446,1.3265829581046218
-0.983507388242358,0.3236734802836183,0.6910484955491601,-0.4601548999823891,0.5815814084687762,0.5461625100859525,-0.4078133992069279,-0.7330537492693662,0.31821646250698005,-0.3487268057299673,0.25120576922686266,0.08289985624504648,0.1664818102122933,0.06981906390774725,-0.3224481837438922,-0.09154377895365345,-0.5623497892436806,-0.16727907944767312
0.2124804517142435,0.486664819153997,-0.5994024528197175,0.5715645909131846,-0.32579100382987275,-0.6323064771434954,0.47616640038429736,0.9409715740972483,1.1487920190176033,0.8137285906000293,-0.5277148305549932,-0.3929314257546114,0.4117469431860378,0.32862236234388736,1.3759717653401335,0.8717872919012133,-0.499980782596499,-0.4362331896529416
-0.5680085397682798,-1.3180874971407792,0.0030150362294612755,0.7727080923652357,0.6117525063764753,-0.4761594539044825,1.2413368434651986,0.8470846221357866,-0.32636473244824954,-0.33653543991171736,1.5067635767426562,0.7577427116696839,-0.25532643290735446,-0.01603228506849241,-1.2895262281063644,-1.0645538622536022,-0.1412575654841855,0.09642068966787248
-1.106115151137037,-1.0753616294579358,1.0474983494734105,-0.9276802029102009,0.48768171497920665,0.6231633920140727,-1.0475600230527777,-1.0064283077721934,-0.6298317680881437,-0.8637728753000394,0.03055355822212681,-0.12327932478998826,0.06178828397844732,-0.19533229015665743,-1.2777701693595205,-1.087103843717709,-0.18161358113401257,-0.04040319022672609
-1.2792881960130726,1.3836013873191266,-0.37748933949557406,-2.248255702814036,-0.8414851431147936,-1.09884088345639,-1.4365502141963409,-2.2456442104980767,-1.2911345355782697,-1.9009826751416279,-0.11641685788768032,-0.748446067688819,0.039120425371609396,-0.18761758327405167,-0.35562717152357165,-1.18289988911392,-1.4495879332646622,-1.5792203575806536
1.6182164803994168,-0.2104723738350559,-0.18373910668604282,0.030536368825334982,0.5113624878003779,1.151159936133647,-0.8616909654267106,0.5044277744155867,1.5537766940643705,1.8548380108044142,-1.4376754963412757,0.8386927094322086,-0.1512251041327452,-8.623588046248404,0.9762924699673013,2.297018978288138,2.4669340196201155,2.3889187452440845
0.020755955168212315,0.9124763923507018,-0.015596577887095463,1.3952402893237237,0.32816940372875614,0.9042978778315071,0.6517145387931963,1.5535502163401826,1.727399451211316,1.7068440542523404,0.5340050061131062,1.3366116576237925,0.6908048771732322,0.9384337166316019,1.715204776002722,1.7757874950066288,0.29081541932433813,0.6244467842492221
-1.1777103597445695,0.09244962918956497,-0.8250908210788016,-2.5984308915950467,-1.1918952427361693,-1.344107144439341,-1.2193072875156086,-2.4765358343147557,-1.9150870751880764,-2.018241604121534,-0.13305267318551411,-0.9432472810570632,-0.05310043757199646,-0.3345181709130218,-0.7378729221106148,-1.6025916184297588,-1.662687274730286,-1.7674579703319677
-1.2461231229676315,2.848957570314594,1.4961234141234503,-1.1087812794455225,0.5964370499583578,0.8889707094648528,-0.8939065335872333,-0.46840603303027223,-0.11072108675513183,-0.7182891940112184,0.2054600028393744,0.2602407760604469,0.31120818795642863,0.09561339066560386,0.4215540320540936,0.8874044895868078,0.1629713998147871,0.31854233142989785
-0.6753524583932078,-0.6213216170968339,-0.7354748321453995,-0.46324694268510413,-0.44070466162367405,-1.270890508386282,0.5026800656787224,-0.7970405014515632,-1.621444401914034,-1.5244352088764097,1.037140105631552,-0.3536171565287156,0.0576676134285892,0.040316430215122295,-0.6278600609355279,-1.22184940825083,-1.40358091751496,-1.3830744694451769
-0.09547008030545702,-1.1154396449371229,-0.11640118105848528,1.2234715332337027,0.5903025736571309,0.5863935809697276,1.0738033965563338,0.7845190509641836,-0.45526892100421607,-0.0870175222553835,1.1054844278934812,0.5673391249074593,0.03224415588328647,0.04544959196621478,-1.078418617030936,-0.8939651658557101,0.1991724719529568,0.3599325022729579
-1.0844574962321016,1.0222593308006627,-0.4833172177152959,-1.6866405696748554,-0.8985849836815201,-1.125275225352506,-0.744975811457016,-1.6043471519051953,-1.0498819462151479,-1.265888075758185,0.20976056605888252,-0.6796932226399434,0.1303569853101973,-0.044305427626024116,-0.11492451677583401,-0.9594640050918748,-1.4949020445372647,-1.52771685409294
0.9189993745981753,0.002058413467408365,-0.6523369902320725,-0.5020850068742009,-0.6686671035429461,-0.5690827002422404,-0.34579186788788957,-0.0365933760692725,1.148165146039336,0.8124845054062261,-1.1034434701017486,-0.7477579738947114,-0.13504187634815776,-0.020711391652051003,0.9778475996083422,0.769442344298059,-0.2751579080755268,-0.09221876228652721
0.5099905408527249,-0.9768601531805982,-0.8743751947153139,-0.6637932615798929,-1.2579448278433696,-1.2507021935920046,0.306986297681978,-0.8867684736213911,-1.3735158459346763,-1.5577526535593562,-1.1137994621743756,-1.238275996947999,-0.17018922845008705,-0.1435443544767549,-1.0313256302755682,-1.4677405118817641,-1.3274391914476602,-1.2106584764301351
-1.0129652912551577,-0.7770350665645471,1.3746828914465739,0.17632861506846856,1.2151789560307382,2.4826237876149366,-0.41182376922198305,0.31812139392173044,-1.0726379072387162,-0.8760444288030839,0.4565778026120003,0.38926385120659707,-0.0934386819941798,-0.14786076369468934,-0.8359843066030245,-0.7026849495281826,0.49183313146159574,0.7320319826739535
-1.2900976354275153,3.608380858820459,4.385159012150844,0.5309792792661746,2.0979005009927962,2.680852315452732,-0.923191112543631,1.1886353005558472,2.476795673581611,1.5003218327149173,0.6757546289732826,1.0968509253977108,0.5504581773897662,0.3306698114096362,0.3134374473087184,0.7986123011019135,2.490694316828021,2.0275670037213818
0.7063368013203952,0.3108110289124136,-0.4210429783156553,0.7865783497328248,-0.567879477563466,-0.3069528632246524,-0.22362094335612115,0.5360935021298744,1.6022016073166239,1.3957065832407636,-0.9431378110685976,-0.2958365743572542,0.07460833072649842,0.04910673679545526,1.368741176732673,1.6438495213284068,0.5355776480577632,0.595466488338171
-0.8457310120266054,0.6740427881490244,-0.2520321165543358,-0.27934603687171033,0.06859186920266679,-1.0222052609600902,-0.04442586686181413,-0.5242647404527011,-0.4942728494333505,-0.5191125493326848,0.6829459224673798,-0.320153317180609,0.43485547588631895,0.3585252170009259,0.18866678909255785,-0.3145387687602815,-0.9239037520915249,-0.70885222796608
0.14969692548397853,-1.4643785361019064,0.1221810364458754,1.0618657610627413,0.9119562631764203,0.8449227545271152,0.5922504351809128,1.3114580812124974,0.3090605098614768,0.9120479674801851,-0.34565624034918263,0.2600697503241962,-0.35510206699745495,-0.05503760068230622,-1.8862116844488912,-0.6979514557352257,0.7888894188403731,1.2954547812279544
-1.2544205045743149,-0.3132100448346065,-0.9633542036468697,-2.65763795854849,-1.4149675608831476,-1.403935019568606,-1.4723370942591583,-2.912167426204606,-2.0210184462477323,-2.237691542207707,-0.19528231849044508,-1.0651826435848815,-0.08424693127255926,-0.49227251648645926,-1.0191462208552593,-1.9382331905573549,-1.8704406672514329,-1.8315513413259892
-0.26543147921594284,0.18249582597729588,0.3369307712158166,1.64627842743386,0.8873166502096483,0.7702329833251778,1.5327002790381523,1.527149350092809,0.372888377617869,0.5433097570713871,1.4101575299390292,1.025545873221248,0.6675401760792581,0.6632232611851044,0.8599446730949143,1.15028855656081,1.259941708371792,1.2313660275672444
-1.1138253521635335,1.8582660965942637,1.4020452566594976,0.8585192112257465,1.166714713421514,0.6623616635754589,-0.5147463976314129,0.12339031356349457,0.5835866532262342,-0.19731992640401455,0.37008319470789286,-0.05858654791809496,0.38002072533405373,0.2783369047782016,0.30408319154406044,0.8147193317667091,0.34638524338164545,0.3251891359279476
-0.17217942665744626,0.5632166466969821,0.21226722411965998,1.6770529555444418,0.33044108665096383,0.08095660728774874,1.2785405922840642,1.5393046247503548,1.1879451924202866,0.8561930879008824,1.20909686367224,1.4182415312106778,0.8987687874062463,0.8515319711323407,1.133352976937176,1.3435312143152442,0.8152633677967147,1.0875544161307582
-1.2945117202751744,-0.03349211704015815,3.5424954062083502,-0.29872734445476823,3.145284033756234,2.2579136775265276,-1.4443229337358625,1.4781575607721615,0.07158871929502979,0.24175858955647628,0.21998333249771282,0.6516260747064103,-0.1306322981927814,-0.02097515740894149,-0.8901116545933674,-0.06572120295572664,0.8646891990480733,0.6792024299263036
-0.9550207211344075,-1.2516823085095565,-0.3464170278175036,-1.18656698313174,0.010608776129277275,-0.9301712331327019,-0.36615007894538304,-1.162163513127748,-1.2824230650517416,-1.4178379958808658,0.4744846299404383,-0.5521013104576726,-0.040293098338810805,-0.23784945587142264,-1.3249091465203742,-1.6164358036017612,-1.309966420510119,-1.3011911285161066
-0.9359589610826101,0.22384956360422345,1.5270653868886237,0.331267881585703,2.9323253603578396,1.28904406078676,-0.19132538431442134,0.4680007192631845,-0.22603799127712304,0.5474846663232892,0.453936348520359,1.1602351204858883,0.08268757780937944,-0.08926324498735959,-0.15267544134315197,0.3650229364527622,1.947611405195962,1.12402336180969
0.3809513827253385,0.5889447315482992,-0.895571880155885,-0.4783163261315435,-1.3059343060598567,-1.3596228682866003,0.21843880991637538,0.10639108934774534,1.3711700856416997,0.9132022906358567,-0.7159983840279711,-0.2867772321965508,0.2557353354917984,0.33955893530045234,1.7093049279444232,0.552674218027281,-1.2433105808563543,-1.1320659499071695
-1.1532599976957334,-1.010196028903919,0.23818269672688192,-1.428634886079017,-0.40952629412409375,0.2886845006173961,-1.2513301350962422,-1.6089775973193257,-1.2057860100137425,-1.4548749911616177,-0.07654525597022703,-0.4200215862938462,-0.060775445126325205,-0.35076324675657916,-1.1905504941364637,-1.5614232465765996,-1.1431122164503633,-0.904479740693812
-0.36633048462927065,0.7938351921390667,-0.3715355786180228,1.1182083501206235,-0.17189684887272985,-0.25436482264622484,1.7524286556762878,1.244456089085682,0.6328827241241657,0.5125165250277399,1.9189332105985542,1.439124239298296,1.0682234301583566,0.9375628138371804,1.3097245893327487,1.0746579843806918,-0.6436339584074342,-0.45575236000474406
-1.2157975116815987,1.151032821060663,2.5300016703025183,0.04041522824553483,2.037534069046813,1.3266481799779593,-0.7440439746256775,0.9402574384704413,-0.2540086647234224,-0.42703736575305085,0.010428919097662227,0.9160817558032576,0.30339699498080425,0.18931726817068698,-0.4017418262033384,-0.061047516514289794,0.1324184989220669,0.3545413252273057
-0.7381886716791869,-0.02624671452166376,0.45247507758958033,1.2955560985416557,0.029743239634487478,0.9029320496058307,0.26133952076492095,0.6534205187544939,-0.18167562777019258,0.09341180788812443,0.8912371817589478,1.209890377343247,0.1971813730737496,0.3703480330614304,-0.014885078922907908,0.07144004657444418,0.9628024034986659,0.2707942538528451
1.5976913850966807,-1.1282845408582616,-0.9862706857426878,-1.4139867102866583,-1.4478412945358485,-1.4228638472149244,-0.7972627012481026,-1.6359920028341808,-1.2687329717776048,-1.402573848419311,-1.5641270197209731,-1.4048120200736693,-0.7332353521310916,-0.5963521859293885,-1.579629894562254,-1.9336408850206577,-1.1771534061970825,-1.2754828555257876
-1.3002703699265454,2.9551146767996985,0.6565174762255662,-1.1525011305082078,-0.36465762255666406,1.0056830328468473,-1.0603976839406826,-1.468689408208366,-0.8938245801417245,-0.7129473297082791,0.11787990936854052,-0.1216662575317701,0.3553164879938921,0.20947112936048173,0.04440247252015521,0.03521371446973937,-0.5487798560758932,-0.31015679379422173
2.006227569915143,-0.1339858725401692,-0.3055253625042595,0.13827174568866396,0.30957191673470535,1.013656722397515,-1.1552675500323673,0.5776050181505112,1.9345128455672822,2.2275048230788634,-0.9157314982984791,1.6949550883261313,-9.126126849995225,-0.3339591015196708,-1.3139789004065674,2.676038119327487,2.5102442270640593,3.200547055763955
-1.043302879707538,0.7524789284072216,2.1772292059178593,-0.19098972178938506,2.9179666149364887,1.4959265575561875,-0.7707562956587382,1.4417164820327226,0.22794611687383884,-0.20066866047972728,0.5260883387059392,0.6398721213369488,0.28611120187400974,0.2767555931165646,-0.37177873427949704,0.7844362191155566,1.4769697893593514,0.7335761851014487
-0.192050618582467,1.1141103414319884,-0.48927095079017796,1.1108856955013122,-0.3605961742893597,-0.22423572520659238,1.422192147961903,1.4776727515587538,1.5410109274983848,1.2252253064972176,1.5453648654525884,0.956976944214615,1.1199301283597605,1.230964775461389,1.9541831494409765,1.119401025120725,-0.43439364482828685,-0.6932612806196897
-1.2617634276661969,2.034308409654194,3.322013664649865,0.8924968872763595,1.6135640288796163,2.3555679922213826,-0.6564572110506705,0.8518217348502046,-0.7381549929166465,0.5912452169656846,-0.02561315147696219,0.7080794590499323,0.22577111054805998,-0.0433493959850731,-0.16198185560998532,1.0355989224033788,0.839866964901889,0.44064441226308926
-1.1937088316217854,0.7430563906162794,2.953218292671653,-0.27850335841205737,0.8464952520178296,1.6426999436773795,-0.9376131291982335,0.30979277186919174,-0.7336902860243757,0.06533888803585018,0.2936612592782104,0.8052787284043792,0.10231767003377135,0.14236753531937013,-0.798928880320827,0.5169031041256996,1.2087500924002823,0.5742433956666935
-0.06387054766378646,-0.22326168565690582,-0.9447270200355983,0.8195051309402007,-0.9055653147512202,-1.2662021640972017,1.7564289067587877,0.28448025187276926,-0.7671942254838152,-1.1697600362943397,0.9376998746501319,0.15721718121618874,0.3590766731208298,0.3814054486211676,0.28437335718132906,-0.5817164750670666,-1.394225343411332,-1.4004026398050549
-1.0634888964404894,-0.7080998223052554,0.3191005372139173,-0.8296640190531459,0.46551752591237194,0.8657636241793536,-0.7187168220294357,-1.4822500938027394,-1.3064733098524655,-1.0607319892496792,-0.014926067061650384,-0.4979607543026189,-0.14528919747646313,-0.14236267439159905,-1.0323320351523695,-1.0123892055620958,-0.6737521134329689,-0.7896057986390512
0.344691188442883,-1.2021526805551155,-0.22702922485741128,0.20895072597943132,0.4004985587613955,0.21724583386464782,0.5377394536084088,0.3928188118684753,-0.3530013009063563,0.3006824932460814,-0.7321349861759652,-0.1828405823032062,-0.20334921567536973,-0.18168636158497495,-1.4286034145836453,-0.8740529598236555,0.3914707751277937,0.6445013188988153
-0.8147656142000684,1.5795265400045668,-0.9597367080072586,-0.8580616505365023,-1.3539874351697254,-1.5518162568291283,0.40167938464247477,-0.3945319908637278,0.2309895042699743,-0.08273674579495406,0.9528614724838855,-0.20033190066582385,0.6792169758079094,0.7412321517790347,1.1208182821594264,-0.1918761963215624,-1.5442363906921113,-1.4617166571918248
1.0545036698815884,-0.2378925426502492,-0.7923823848782408,-0.6501070485959476,-1.0780325289096486,-0.9885420821198814,-0.39895724795921,-0.6019715616419081,0.3400533435580085,0.21271068305907248,-1.2737046637433858,-0.9668138451603101,-0.2167624883413729,-0.15978100813119744,0.501517297782716,0.3138158835228871,-0.521806030407348,-0.41025417202132364
-1.2369397367184978,2.5583351329687245,-0.27033652507830397,-1.7137096998225327,-0.7351227354291989,-1.0516025005406051,-0.9695784355265282,-1.4011794683582475,-0.8108322982923024,-0.9808815769808836,0.1385196444035786,-0.5496432610594025,0.2100878821970061,0.024459531632255248,0.0770924816705511,-0.40575997073143977,-0.9757885237937844,-0.6743825419393927
-1.2007998225052763,0.13017164060682815,1.1762741337557383,-1.8474303255446394,0.9236513337065906,0.9844347697595263,-1.1696638427770132,-1.275885110975523,-1.142933816918087,-1.0454203359148586,-0.06233211117524929,-0.20146209301083404,0.040122585846483025,-0.2597287820011709,-0.7204925388937321,-0.8311634808556885,-0.7208966335053257,-0.33992520143605426
-0.021923086393769445,-0.5407493760844411,-0.15102358080485276,1.2358953062310372,0.8145492062420722,0.4735862012038362,1.4794784282534024,0.7906904603261996,-0.2372383231942932,-0.2727820712561259,0.6918699221183441,0.6275956504928615,0.30398539884383696,0.3561956983502318,-0.08452943905056054,-0.031676096075548235,0.4881163103923612,0.407347393907351
-1.256205108598203,1.4265369659707128,1.6023527350827884,-0.8845593868658689,0.2944395718678478,1.002720887277033,-0.7908823727341338,-0.6391817320010477,-0.5254968577862275,-1.0041999826752017,-0.10374263377420687,-0.08217879652019577,-0.11496110566363718,-0.07679384287957995,-0.3135238140084488,-0.2146802737942939,-0.5027705738587497,-0.2181991010849178
-1.115304912732008,-1.3607704995694827,-0.6972100603212137,-1.891637052649554,-0.9272323574146845,-1.3137934211889108,-1.0408050416640975,-1.9128938817189765,-1.723349709138731,-1.858994336466104,-0.04627747673557775,-0.8742085005396143,-0.15830599641269535,-0.31941044938552393,-1.3852713667215097,-1.9610183155678067,-1.3347894208536155,-1.6011525553500423
-0.5808937437538434,0.6676318227060595,-0.8342005741403528,0.08453162173949029,-1.239192181463247,-1.2270329584052708,1.1560310352861927,0.18139250109258806,-0.15403091137367514,-0.42404275264630714,1.411562190372048,0.19724339654514098,0.7667061857799632,0.9828400560091387,0.8875650573981756,-0.07114756961224392,-1.164452789149208,-1.402979293750565
-0.9959714575924419,-0.3273312307875369,-0.6198491960137535,-1.5966072188911593,-1.1161666932316656,-1.1878533350348885,-0.748703343223126,-1.7889539937843288,-1.6786489387575763,-1.9993917202743956,0.2542116253548184,-0.5444426594153321,-0.0024401038016667333,-0.11612661460287223,-0.7621346421229018,-1.3864463479597722,-1.439341002055494,-1.4081310998059529
-0.10520150924849478,0.1735181812805107,-0.010132755645011527,1.4694568819806082,0.3442895965292944,0.5224529712162375,1.372922403349949,1.2270293912869443,0.27957146407459715,0.2020058434588865,0.7727295443520208,0.9426044605627187,0.6875817526796716,0.7799459640825956,0.8161348850238112,1.0707644273032915,0.8281195809253454,0.5417946628317938
-0.9536432908614755,1.7825533617969176,0.8199357407320434,0.14896134609347883,0.39731383422090205,0.5579173648150666,-0.044084843082253265,1.4600183097228678,0.6369769735131398,0.19746019217182945,0.7669694447835187,0.5644417676014185,0.5375781721021581,0.5193607251745552,0.7615578299842265,0.4319212427141042,0.9564215186941397,0.4157662100202239
-1.0813633637351217,0.4917022395258476,1.2390708478643995,-0.8445188183069156,0.685313854168956,0.6868783529882027,-0.5014520098947358,-1.304034313058904,-0.06228198632037139,-0.3381098328732868,0.20443194972939238,0.14879986309569956,0.02888301010201023,-0.1461471608019412,-0.4254452003480091,-0.6036364197810083,-0.21980299270317744,0.07699092345235492
0.5460526346752247,0.36342350355881176,-0.7681334181602044,-0.4112698247714014,-1.1070148437458254,-1.0845224268680431,-0.006874995736213019,0.19964462097973368,1.3608053952160115,1.0342427522765603,-0.9216653999718556,-0.9637183404995,0.18774300816063394,0.205939278561781,1.4134886293311,0.8084445084233519,-0.7667588620051358,-0.7480196877328869
-0.3288643175768227,-0.08850656498331579,-0.5939357112973745,1.2747348244230141,-0.7503966439859278,-0.6878667331543177,2.115958138717229,0.7179261667892716,-0.5807208819411056,-0.60114331376212,1.923881471188489,0.5011519810633126,0.5988831110418896,0.5679702674540678,0.40222611059598673,0.1572248936687535,-0.5515986670152351,-0.9201032497697036
-1.2171813297765828,-0.5784882428878104,-0.03524973559472468,-1.7398390394684269,-0.45077930529603044,-0.3566057726191609,-1.39701083675784,-2.489955335112201,-1.7269314456345788,-1.8846003744798092,-0.22020442937362242,-0.8137671430602562,-0.02693573235397796,-0.44385839779315256,-1.0492053672170492,-1.5119281451218802,-1.2903550609741334,-1.2592952681429324
0.08639225527923235,-1.06997442188385,-0.8164839835485359,0.19749565744957984,-0.9087633790913157,-1.0354130799061694,1.0621966563255296,0.37293019539363437,-1.2665388597165015,-1.3977479869890141,-0.18114198864145034,-0.7372843967753028,-0.12239997432589898,-0.07975791273891385,-1.0198933938842851,-1.5569625970570895,-1.2438821799753719,-1.2732925185780155
-0.808568104330834,1.0626412474716367,0.68193582320735,0.9384904520385101,1.0753629579634687,0.41576982315782035,0.16369100031753825,1.1428301623949124,0.561398780701133,0.18258213212619678,1.0155046397224148,1.2581182530312696,0.4529072499740285,0.5812713566975239,0.8628756525116315,0.5619813438625592,0.590261734719984,0.4938267401718983
1.4225772345564829,-0.8607539922691371,-0.6766387889721294,-0.8501159240191274,-0.8001078732396265,-0.4939168648784587,-0.62555881704288,-0.9339650423113277,-0.7143868636707018,-0.7509776293890849,-1.4226695908068814,-0.9765697040766075,-0.4736882679926819,-0.3947967151721583,-0.8576894479342082,-0.6517051730339709,-0.039894650851506196,0.15451880676490432
-1.3017563931743616,0.9077671600049315,1.822877153738393,-1.2291641752202969,0.742492234837456,0.5619346481229999,-1.4569388688269524,-1.1516565404678898,-0.7107815513037806,-1.3296282091159999,-0.06892976802844093,-0.04686361396289743,0.06925073140080693,-0.2095136109717985,-0.7170856702382586,-0.6929189754066063,-0.33532919924368576,0.08867699234148535
1.3326976401360742,-1.1552303600419171,-0.6391785221326525,-0.9696895203490979,-0.7515141365582261,-0.513536164776909,-0.5788755021075208,-0.9468186333098013,-0.7492174150214381,-0.4968295874118649,-1.4468872844564948,-1.107404651367107,-0.5082211130420072,-0.4352901303897679,-1.6853720081179826,-1.157533420449162,0.07134646974209756,0.0419388928050812
-0.6132294229821487,1.337835371749693,0.32283540182127446,1.3579943511537498,1.4565429385231776,-0.10119536905342544,1.337439817164229,1.391205640985083,0.7427294701159174,0.9492570979523957,1.4345718465669244,0.9603899643122228,1.2039713515758903,0.9708328624881326,1.3557311753852457,1.300065571733346,0.4403408290342834,0.3070826444594678
-0.8884226545656815,-0.9344845473679273,0.5852443886115474,0.4186291646287522,0.926727719505132,1.0234859444012137,-0.11114687641003171,-0.40718671156447434,-0.30325692690350875,0.04124987692780372,0.5137925088372532,0.14589234859575587,-0.02629926541526894,-0.08412175703492511,-1.1408534982965193,-0.7150783726405896,0.29651620674503915,-0.14818788716302386
-0.2125902174850765,0.8644231846005836,-0.7150387512749761,1.0074510744588312,-0.7442601789387746,-0.7575234556530884,1.8659025988557312,1.1938419023568256,0.970127429526567,0.5525332867312078,1.8066540734944676,0.9852197761701824,0.9590919956905212,0.9755848428392836,1.5066044917271626,0.6515497432414675,-0.9785457573524704,-1.030490161817698
-1.2279363853700789,0.31133732524798097,2.614418949345357,0.6190030789187119,1.1207522362855322,2.073853664806159,-1.3690418246252247,-0.8713132166586869,-0.9983189774676904,-0.04754579648127831,-0.06304432250505548,0.37979195645209923,0.009013147549514074,0.10923606047286512,-0.7814800893019058,-0.4555676752022031,0.6225929915556105,0.45295954015379614
-0.47973954984002404,0.041774598686032886,-0.12601870121708553,1.441189580285865,0.1444632730038266,-0.14915460680003334,1.431613832844976,0.8823837451195591,0.14652220496023632,-0.07241680893381675,1.4708167406477957,0.8630061705342519,0.4349527884075038,0.555960894072307,0.24818592174604395,0.22954003189201622,0.15189696385415807,-0.1767964044087157
0.20253179939279256,-0.771487568821454,-0.5002336891934593,0.9392343413526058,-0.19725860515280214,-0.09227368265908814,0.9659966049878471,0.5753524155102544,-0.7373735078046818,-0.8065335850287871,-0.23651879837228598,-0.3287613324070068,-0.02891352734906909,0.07838721957132697,-0.5670004480414966,-0.6216013475100912,-0.2953255031558678,-0.4190877622126846
-0.4614687287918472,-0.4633555135689655,-0.26529377426024414,1.0041621178560247,0.4609916816418496,-0.5356680280962974,1.6121100971135909,0.6525175651651973,-0.7233008537945219,-0.8205234815043525,1.6202785178287045,0.6994359587074692,0.28453033331022054,0.34505100341621403,-0.19524933582215453,-0.12844070772609723,-0.33859408811526437,-0.44923150099548476
-1.284081389366168,2.5015908220856287,2.430578484451021,-0.4937060906956873,1.4356640881527232,2.3200939367383504,-0.5649915352402436,-0.00063053397670344,0.2589857321054276,-0.5460830308889719,0.2032821653467373,1.100455993289632,0.33499299554775713,0.16287440096726924,-0.09180546719493878,0.5387567645984164,0.8695153455538439,0.1839942961046795
-1.1372995564407244,0.35062931576700473,0.10162042742040356,-1.563502007898414,-0.39044032171273024,-0.14198551427407796,-1.1294867085337916,-1.9046019931769504,-1.0417659721942547,-1.4399800374973462,0.024977061301760313,-0.6495971049926839,0.02263131936846799,-0.22621208195635506,-0.5056659246515216,-1.1184768932250198,-1.0654471819668523,-1.0616894336648228
-0.7281881307797785,-1.2834418066444362,0.35372271453893206,1.1198948793237404,0.23342273946796147,0.19730387372762123,0.6192573434682987,1.1223176184119346,0.017558972200675645,-0.15537455366334135,1.1755836896497738,0.9816504123437824,-0.16202036617102394,-0.08330580395926114,-1.2348151321616994,-0.7700078513526222,0.49154878331567015,0.09974862555668411
-1.2118729498416425,1.6879764538686888,0.557989313898809,-0.9546457553996458,-0.23581321427027613,1.2171122665089158,-1.2195311362092014,-1.0819408007937283,-0.6498978282644582,-0.9418842904310379,0.05785439047495906,-0.32952453750055216,0.134659918733044,-0.03824467195276573,-0.37901277132962397,-0.6795109665881148,-0.7583907024219456,-0.6543142528942283
-1.169442577957844,-1.45866673383703,1.975233181039428,0.37114903564417906,2.32359164379502,1.8971638595611078,-1.264031350645814,-0.6520478778816915,-0.661122006961364,-0.40855123366522267,0.05728146706297706,0.23466855225357572,-0.05779526792219172,-0.2581525268187374,-1.3002631811667498,-0.8590735112278334,-0.058964406113118976,0.6060121814170366
-1.252011986874387,3.219311496335033,3.4496523753699773,-0.2930561819909033,2.608732027572082,0.5868219783764628,-1.0606013318099745,1.5673957968026924,1.951750114290473,0.6863546360797533,0.09312470667449185,1.377410724233931,0.32364638118076244,1.0361714141059832,0.5616721586972786,1.764820429821136,0.9418693376583698,1.0134327636781058
-0.912472704781782,2.0453562315997122,-0.0005988450631624672,-0.25160436855970814,0.16807993943081137,-0.6808307882718422,-0.03245515088446358,1.0734596289843295,0.134296019234542,0.35995725974534176,0.7960340393116682,0.16155647033809567,0.6038951241760082,0.6863101271495806,0.7922204854095026,0.5880486350293139,-0.19923938257355456,-0.18670609254076478
1.66794705369607,-0.5535837563595278,-0.904274789809341,-0.9695965759893249,-1.235681094114675,-1.0689943467516343,-0.8573622221957815,-1.1666917122079574,-0.04817790376529618,-0.3679602032294879,-1.321283037407047,-1.267212912804947,-0.5511217525251159,-0.4406323756763781,-0.0039848767868318905,-0.3901099955058,-0.950220472816169,-0.9453303692995556
-1.0210246703474366,0.7133632120350262,0.4470114777688495,-1.1246172649486943,0.8264726116583679,-0.21556584934120304,-0.7955745733604007,-0.8072641248124408,-0.41053507312364357,-0.5036897360778722,0.30364120872523115,0.25713148381299583,0.14162242091811378,0.03942116466386084,-0.1901436884326102,-0.3874752043181451,-0.4352923942491365,-0.5056519081717387
-0.6120477757122463,-0.27123764159385017,0.2035643283675386,1.6219537205944596,2.1211153308846136,0.6282871290322305,0.8883245835481266,0.6744116140590878,-0.03333807528957839,-0.5611861092769974,1.2929995477741718,0.6738997586780977,0.3162743042853834,0.41282141313273857,-0.2717692805277775,-0.2814152689463124,-0.032672239859429256,0.15558606668634722
0.2829109744660918,0.21930471410907115,-0.36242604797782474,0.5980147139059406,0.04042218702717158,-0.1837499405680358,0.5773028637520276,0.8598303178728188,0.7071405083999452,0.9729151779786812,-0.5085179460601947,-0.3077490011219063,0.2175324688841105,0.4086422245292833,1.0455163106766192,0.7215805455508826,0.629485719901653,0.15297700700404268
0.7683414748802679,-0.9678724726018733,-0.284975429703735,0.028393140104754692,-0.2167536430412574,0.5198925993438598,-0.09926401239076449,0.32570407456195,-0.33040675480912646,-0.1490992123901165,-1.2041338625487759,-0.6591790715213826,-0.20817233086353548,-0.1556861532755114,-0.9351819975212362,-0.2547141760254323,1.2018690685556368,1.1398794482991765
-1.2779044402991633,-0.8501913146476818,0.7888703380172526,-1.4671763353145193,0.8910319747594351,0.5869431139144923,-1.776869070175189,-2.3535584754771945,-1.4833344250998537,-1.2817521890014365,-0.24830126048290968,-0.6996207394708825,-0.1766882560666256,-0.5265037168976212,-1.238436219976172,-1.5170504562768221,-0.7333596676892996,-0.9821808425674492
-0.8291447014488639,-0.6765107872967834,-0.3810392051425184,-0.7059472221663566,-0.5326388979980253,-0.7494995579651158,-0.04087634787670995,-1.2433127170083786,-1.5497907083872147,-1.5283397550223843,0.6928264535312565,-0.39087796139146114,-0.03510064538388824,-0.10569808430682957,-0.7646250346586526,-1.2725272902962863,-1.0454836067036504,-0.9533648827561787
-0.5037835366156609,-1.0520180211999381,-0.9287358352875262,0.054323698607797274,-1.0557714190009118,-1.3684371678866118,1.6675362814130035,-0.05046064962066131,-1.6323330136211136,-1.9224240829454204,1.646461761108666,-0.13535629465257326,-0.11093854442514352,-0.060686020834032926,-0.9250949796626028,-1.6262473979246468,-1.5473483115573479,-1.5965602319684284
-0.23453455709513335,-0.8890461078805529,0.0839202960087136,1.4469385841802938,0.3403111358085256,1.1004524319786706,1.8744717761174854,1.0999843125782787,-0.36535704277520975,-0.06680507008764816,1.1993007845041068,0.6489987203543682,0.11284764615327,0.13926797887506676,-0.6807999222685964,0.11662810971784433,0.862757921787143,0.4334829856973143
-0.9523209118869898,-1.2075510010326171,1.6260224331894315,1.3569265046677952,1.5350096198928163,1.233148346582753,-0.5339084791197366,0.05614454510085847,0.33176691598592584,-0.17235689154777037,0.5659247195234064,0.3805193037855835,-0.0023115972196614022,0.052164100814209455,-1.0272601968017705,-0.833099254301516,0.8152642758197439,0.8167152293505678
-1.0144513269791888,1.2719567095449895,-0.7245797793401233,-1.517547149872722,-1.3248709896154929,-1.3651698430970407,-0.49650816689659233,-1.5578662318727616,-0.7739996138535081,-1.0180299013187375,0.3234637564240166,-0.570860317168079,0.2717275874934305,0.19840901456989607,0.2616157259936978,-0.6843157887440754,-1.5477830258289822,-1.5309929276982899
-0.6396573493142711,-0.47945127153238604,0.3905648376849007,0.8310612457648979,1.4459484860533751,0.6705171964384508,0.7939536255422787,0.8650531419360878,0.033921344492940535,-0.25800635343668293,1.2299004623340029,1.0052061532302818,0.04758712649895491,0.2885482812504923,-0.6239480561437101,-0.24033941600052225,0.5431278424449938,0.49282247568005055
0.3493301601839852,0.3492383865901503,-0.9912598886199969,-0.5330415577699564,-1.504138528475118,-1.5066174895476845,0.28249131445971815,-0.221966166853188,0.9248510615990988,0.5202787643612014,-0.6493572444994768,-0.9376808139989359,0.2620351730949686,0.32506244621727876,1.257230427373015,0.10618815581326595,-1.2598881095203824,-1.3889918950479339
-1.0678236481563645,0.5121902477278653,0.13983138717848195,-1.0764966349669405,0.13126082861878902,0.2539298196599271,-0.8019081611572362,-1.2722966599287928,-1.055581227512084,-1.182175786899591,0.14210671831267077,-0.000869130778313102,0.17346346865112183,-0.05553477271192589,-0.2963220407627417,-0.59846551950574,-1.0512005006253604,-0.9322449549192305
-0.0723972265058965,-1.3020647661290135,-0.3022596192838559,1.026766527586104,-0.08812033313386944,0.24148203353297149,1.292703049583386,0.7037048548505163,-0.08292350815193984,-0.5667303771321712,0.5967532129740658,0.21481947311387853,-0.18890228071053877,-0.0579988204264821,-1.4239451488594324,-1.0936441252230062,-0.21866188380235965,-0.10818090992112481
-1.2538402919601748,3.0932201665088903,2.676056917711214,-0.5075800786950637,0.8168852021934455,1.1655008580001782,-0.3512171035909085,0.85052597294705,0.7860144827463608,-0.006515739806522575,0.5324517891485085,0.64869780925163,0.46547744416567205,0.3224066300118581,0.33171643968027115,0.8215497314390255,1.4187142591024755,0.3369519305044722
-0.9670616315831368,1.8441896902569925,0.5361903809408065,-0.223679249175121,-0.3263235329158793,0.1856223861959799,-0.014743662727346072,0.22327626664719852,0.13414538979613175,-0.14151568157397465,0.5236974495604089,0.16023614607621775,0.434028698276196,0.47995376545459095,0.7025968601917004,0.4974948403055724,0.03555798664696963,0.1265260258267086
-1.2959221251842068,1.5702268316174606,0.019725378718670427,-1.9338581200110159,-0.46501261076960665,0.13848194994856966,-1.5091202698215003,-1.9679151470439147,-1.3541140900782656,-1.5802662070772997,-0.17919088341784878,-0.6088382493665273,0.04234736223534489,-0.21895082169675703,-0.32609994230665246,-1.0463742076643774,-1.283809152941403,-1.0281166767504013
1.5889603209013357,0.2585289012306008,-0.2311072786618831,0.5173307252985112,0.36233724557830005,2.440301621434469,-1.1295268071757407,0.695633490752797,2.6667579477595322,2.9802533485112277,-0.8784810638454026,0.19455937786863264,-0.2821363254159022,-0.2683025887381871,1.9610590698172858,2.6992292338703203,2.0223326222671316,2.377213235648665
-1.1287280068915635,-1.2581393557850566,2.282860838997504,-0.0758022487725642,1.7238778910284385,1.8245131965645698,-0.9709381729573164,-0.19664830319277854,0.1606915781190443,0.003050909734610297,0.06861058138766993,0.013400328732236753,0.05757448990745475,-0.05154233240057651,-1.4313962599032417,-0.7406377801835626,0.9130672959450559,0.5143131230048432
0.049909940703996944,0.7244048802714722,-0.3253561097609778,1.2588216239193262,-0.18718327347912275,0.01007831799646864,0.8059657606604511,1.0393452148294735,1.3339997145445943,1.3409149989228482,0.27731429203680774,0.9629510808200148,0.7013439471195743,0.7947178708686949,1.4180765701959912,1.143288369127529,0.10253578399960991,-0.2283094809962896
-0.7329296881982688,-1.4133718759991214,0.16546102054434442,0.5230807318435042,0.953784669112241,-0.13352799320526224,0.3075027042900086,0.7821301540557914,0.04410564007890961,-0.18778706815090165,1.04285753846852,0.21998276632278188,-0.13893476932356333,-0.07671917249595017,-1.3404630080814797,-1.1562895728085474,-0.11751252775049285,-0.005049603775278911
0.3723231911603258,-0.7962638408385183,-0.2498339958286518,1.3782260049429227,-0.026023466471294228,-0.07331529960919084,0.5493497741825843,0.5378966165765436,-0.5666434498028476,-0.1215021109479118,-0.7163899187488955,0.2466554458050789,-0.02775472901204063,0.04507918068963503,-0.6405675314697868,-0.25535444634721755,0.631112621951783,0.8722518943333116
-0.9272181654396082,-0.9961189959359706,0.7680914293844134,0.014182670748597094,0.9233711154230262,0.37261571227926565,-0.6179692384445252,-0.49045444021186485,0.18970280644746038,-0.688617955786538,0.43645083620769143,-0.03181303108234968,-0.10485062803274924,-0.0744245775847146,-1.0173124531778863,-0.797253561500613,-0.011312755209958237,-0.12489445392210796
-1.074712240523851,1.144575773785163,-0.5616856855054839,-1.61613478142262,-0.8660877827731458,-1.2490660026022418,-0.7645020720590363,-1.3939805446633338,-0.9913593015736752,-1.2260271017969115,0.24551847330386714,-0.571985149387054,0.23087309033295508,-0.01021667432871693,-0.06499118595134046,-0.9461583940827603,-1.2373986325150257,-1.5834299910566463
-1.2999690256688634,-1.4418018111951045,4.3067754197086465,1.1038427518089486,1.64791321086675,1.7835617607669711,-0.8525007742916205,-0.9020341797747177,0.9211920768872904,-1.2037923410859157,-0.07241395612608649,0.7923364756082196,-0.21282938972819238,-0.0631790315548042,-1.5417120538728233,0.3203011824535178,1.794028611624297,1.5823545151855658
-0.5387011778840641,-1.1723268031368603,-0.4160672597328759,0.6992432199235828,0.04578089854057202,-0.8156851161857216,1.5004889349412127,0.4169846685617384,-1.0109561467500336,-0.8707725037850927,1.4717057305492562,0.08007037060827829,-0.057933335614952716,-0.029337784116968992,-1.1117994180381687,-1.2621277088335054,-0.5880273566894654,-1.0290694254274222
-1.2628442608812336,0.7639883225931253,-0.21166056967390354,-2.0407896236821714,-0.7132394892970181,-0.3748758077601952,-1.4979849265713667,-2.411485873612841,-1.5181126674063128,-1.839484255534085,-0.11739648019836785,-0.8093009330035731,-0.0235095053264798,-0.363031288714181,-0.6312789726421159,-1.177711646873728,-1.3817794387094535,-1.3865125675837202
-1.229882600044261,-0.7221762286425265,1.6473631225547787,-0.746239048092321,0.866787028833214,1.073770513553997,-1.3158550905255386,-1.2352967918536266,-0.8036721702187679,-0.6653871855302628,-0.2254034814327202,-0.36153042406341107,-0.09164249357431192,-0.31423546867819196,-1.0906083179692976,-1.0379934357423752,0.4982617971166444,0.10012848849509536
-0.8212119216286891,0.9188630268994034,0.9656513785372763,0.41907886839471153,3.1614043861216894,0.42397668180763437,0.39222985142619177,1.2077236256307449,0.8003008512554035,0.3746424013065333,0.9650258180126656,1.222038254680185,0.5163032831271039,0.44835509015281594,0.27447486278927596,1.0534174880621954,1.0926222375340753,0.7109002336048406
1.1228352285406242,-0.10220901967286215,-0.3487886650012487,0.10400409035497188,-0.2934010970809319,0.321115676569181,-0.5293569410811962,0.5334664602038823,1.1614034816695613,1.1147505483133504,-1.1617213193774756,-0.14139167243505033,-0.22292888359576807,-0.0017713961684009281,0.8338346999250155,1.4540281204493233,1.3239484472740581,1.0785682230647604
-1.0076077706286015,0.6107301883585684,1.1969457796910614,-0.07578655744200583,0.8599833361566245,0.9310960578182375,-0.510537901155234,0.08956888853033962,-0.5946517744262544,-0.49487443103055995,0.35974007010688847,0.6596834884636203,0.27479825172518063,0.30668862519034346,-0.2743768646285793,0.29312647361262684,0.035645981661677865,0.2578096468031929
0.5045204036719642,0.24568516065977314,-0.5766555253016088,0.13799612692721688,-0.7463828121936287,-0.6069882422674235,0.13774896521796515,0.38180159937090363,1.0973112795994029,0.9721229882610123,-0.8638300760154067,-0.6045395573907609,0.23403669242439487,0.19690690407865769,1.1289932784297874,0.594984720804521,0.08211933671377661,-0.25445587626975164
-0.670998973640592,0.454913971459794,-0.4395398716687006,0.05483053630951666,0.07132035564511349,-1.1520896368441973,0.8243921736258847,0.15544130979756574,-0.15478443842459993,-0.491565714768425,1.0865484311109557,0.14145643647616585,0.5920131040642789,0.41355309745258184,0.5002792863091591,-0.13160017540906174,-0.7884464046453183,-0.9644275391475173
0.3286194687077229,-1.3491951867736687,-0.18694849389611334,1.0749464291009811,0.4427479331381984,0.577968839655532,0.36248186348524825,0.8310935252916382,0.10580483500463646,0.3329819679239956,-0.6384761580402203,-0.6451581300149262,-0.2533753212954339,-0.18550437590940003,-1.7056839582564083,-0.9189354390385505,1.3154646108302117,0.45576181530507986
-1.2514927018559325,1.6264115515147106,0.8573402006639025,-1.3543037735276555,-0.024431299802061743,0.25060479232692495,-1.2384179665008979,-1.4749076522466928,-0.7557688653374058,-0.7994107967958451,-0.16976668102921344,-0.3964388467126186,0.032244767966119824,-0.05752650623842735,-0.17677852219538662,-0.17719386433258594,-0.5199557643932964,-0.44086024878969765
-1.1829761115720956,-1.4791553686697247,-0.6546375359908436,-2.111456926371977,-1.2666879392013082,-1.1223803168298638,-1.2092587745445669,-2.153839055062963,-1.3367353146217453,-1.7676933139530921,-0.1893542357927106,-0.9361690872395845,-0.21231203137222515,-0.4298601230074437,-1.5359529365608073,-2.1822219050696825,-1.5599354387715407,-1.6187080733539914
-0.7608015274337132,0.15672773467368112,-0.8703531910918149,-0.943803274220734,-1.2044735259213344,-1.4580808048969085,0.17984317560690888,-0.8695999793881718,-0.9552222379387768,-1.313211310617584,0.7395438474843474,-0.37055679876221603,0.2737450630560821,0.2876204562671008,0.005079308758451447,-0.8788293011040037,-1.4562802634004326,-1.4594185721829271
-1.0975840058099766,0.33004982927721993,1.2180499447994237,-1.6584164455035295,0.8289904829341533,1.655004438879315,-0.9187501352208918,-0.35486931595961646,-0.6345702342962733,-0.4984854030531704,0.06741885212339506,-0.20596315911174243,0.10930352285367223,-0.08136436104344327,-0.4709667942036126,-0.05638131830925676,-0.11618511160126088,-0.033131806578000425
0.6207880909892285,0.5405025623875165,-0.732322940855097,-0.43419895311722817,-1.1089797135371013,-0.9662233749038034,-0.2501816663638324,0.23660069112265616,1.8036121466143962,1.4137633722106213,-0.9443746261031605,-0.9511500234665102,0.158053141058055,0.13836929205753357,1.764963699927286,0.7864484013650385,-0.6484688601409858,-0.5616514315612972
1.0428664460817376,-0.446123874905416,-0.48842027252270576,0.4180481784074992,-0.5290179648760361,-0.24272576312004226,-0.446839244663218,-0.03186843330467417,0.08693739431773856,0.2945122395047959,-1.2795596055726666,-0.3739728025800349,-0.26089982709203374,-0.16211008219083786,0.11767025969112674,0.2572342846693581,0.2292339332731352,0.3897104270990155
-0.5625367120603944,-0.07405502717024774,0.6454410666095333,1.3580352108496923,1.5269090901686526,0.5773561301565694,0.8782555261386692,0.9469910177825719,0.4793807786361655,0.15381145429788534,1.147157305077424,1.4001773378149167,0.42614419060439745,0.49829272147708614,0.23297813648899784,0.6681517847548795,0.719052245047924,0.9232805989242897
0.22030452627359967,-0.5696779477462556,-0.7787450019016647,0.37075349450746264,-0.8652181603856001,-1.0101383226671008,0.8595018882655393,-0.30749947499892966,-0.9220781966049612,-1.0477925229007652,-0.45611467053283444,-0.5248108336066404,0.08356038594414918,0.13657099217256125,-0.18548847377138747,-0.5421871689760919,-0.9396537406835938,-1.0511122924559235
-0.9912268622156124,-1.0637715369901337,-0.07311232790856292,-0.8235258068913581,0.17184184953629406,-0.03137318032558843,-0.6196031281412534,-1.2956218324140876,-1.0214792607042413,-1.2804470298669572,0.17736587992871553,-0.41454882570046253,-0.13616698546887268,-0.2549665953700945,-1.238167091248347,-1.4033809039405434,-1.1390863701199756,-0.9542766242627976
-1.2780310738808585,0.11339150892841147,3.5024074743557465,1.1892908409874727,1.9772970364134217,2.7559382776396073,-1.144297000275759,-1.3055134975269043,-0.2054125235192715,-0.013731614914784267,0.3898268241084748,0.36195536843539317,0.08228136088766831,-0.05724790040434399,-0.575351430782299,0.03862907588981551,0.41164263673924717,0.7594944008176949
0.8257703312990916,-0.862343573161769,-0.13738409872675753,-0.09347051316683912,0.30571250013119383,0.7769652107657818,-0.2133497270759251,0.3521463525934195,-0.12809742744916172,0.470638363190457,-1.1501874675587387,-0.39687721703086515,-0.19459681235597986,-0.10463885773698435,-0.9356710427842622,0.22914387259045804,1.0426539115969542,1.602606672394264
-0.6383605216279934,1.2220096623351449,0.24737921496813103,1.2829049146254352,1.0451991075799458,0.10411301576709386,0.8926856298419895,1.509244184871283,0.8170074772341673,0.6590644571224592,1.4117225994060276,0.9990613904516454,0.7694147421077967,0.8804586284230469,1.0957883022031285,0.8501813962453111,0.38006438406950366,0.1347924712805748
1.8147594502290758,-0.048319031106630925,-0.4623923659215085,-0.023722262797577838,-0.3108711764476733,0.3054822590866797,-1.092567060329768,0.39214299907382966,1.998798526442965,1.8425828800358919,-0.9358938092446232,-5.789939747214405,-0.44720569777643293,-0.3558560661303799,1.4420748457805115,1.8459634732860133,1.101027014362297,1.458022912749755
-1.177242757446526,1.445284443824623,2.9878443206663428,1.304471990151103,2.298687071921226,1.6601865160936697,-0.3169861614028278,0.831305953843436,0.32125895072154353,0.24390730172795358,0.28849153158169,0.3459359801129865,0.435080426911776,0.17582436198299836,-0.1702025374257969,0.06860964422241227,0.12219410546849951,1.5689198533300805
1.392604441271943,-1.0278671265987218,-0.7144928180638742,-0.8766557917833705,-0.827496852803668,-0.8031604245028017,-0.6415446102287145,-0.8585905072031769,-0.976730456097299,-0.667501169003028,-1.4384007610553224,-0.9390432979730258,-0.5255320760539847,-0.3850671129089546,-1.338789111790947,-1.2046544416162044,-0.2613324133653797,-0.2437919108491423
-1.2058478456676838,1.0364163962554156,2.4807703997640504,-0.6892920046875537,1.4672869106627884,0.9143387094018666,-1.0228553522396395,-0.49679603586712606,0.08365777875357606,-0.16642754037499388,0.1644683004776909,0.01894756146547148,0.16304540471162,-0.24781969736354867,-0.3130623082603784,0.3767932619024883,0.5446742740873768,0.5311232291538864
0.12703297339114386,-0.954148712469302,-0.5374116685825584,0.7779429728501677,-0.36520597961552226,-0.31634480507198437,1.0619461011633855,0.15670751815628034,-1.2544364204384997,-0.7035760193781252,-0.133238129812905,0.05028473796243453,-0.10031674181051908,-0.02364752666292786,-0.904818603233905,-0.8702412905298422,-0.5022963704848397,-0.5463565924916368
-0.8619561205864109,0.8608280232700444,-0.08805201571001248,-0.1734125985026779,-0.09934246577968132,-0.5036084437855513,0.07479581287724735,0.11023452818912755,-0.2779678948614282,-0.3642289714537864,0.6865278911580307,-0.14997949354667295,0.41129848927988494,0.4440887312509133,0.5520364963439888,-0.3886916594955399,-0.43521317633663864,-0.7563845406753567
-0.2950964842777814,0.04078684760333193,-0.752673639728612,0.9231413066437807,-0.4650710732829895,-1.1146828682873264,2.2215756813148975,0.7672220211104311,-0.4629394376605633,-0.6838872208056987,1.947679803522296,0.5880820606017343,0.6288586461841342,0.6400859389824178,0.6320409655819407,-0.10159174953595933,-1.0158513145625983,-1.0555171637261909
-1.1431326454285669,2.327267381451025,1.915872793427638,-0.3557968605694236,1.1096276705475119,0.819195396295711,-0.8298017671734285,0.952554780273086,0.3110244346384371,-0.4730332114964238,0.5061523065413169,0.79228010151959,0.37422881267215585,0.3463523147408504,0.36144085439235357,-0.05947191585444827,0.05397858894463178,0.6394511144690264
-1.2905245153599774,-0.7886257856630264,0.6218467971442484,-1.3277079599618131,0.0942760795326901,0.04817845564462685,-1.4257813936627264,-2.255798354199861,-1.5122093836240866,-1.9074992411760665,-0.37569287822186803,-0.843008515158234,-0.14613678070715597,-0.3568363559583305,-1.2260223643347954,-1.244642045651886,-1.0356129607330242,-0.7056394732000947
-0.9438940427644423,0.344172131416044,0.8727229170473246,-0.041658243190449216,1.127254855358062,0.7572538070848146,-0.32150628579364854,0.5484341679713938,-0.002267700283502238,0.048162749031987355,0.5633245978260633,0.5240738519039296,0.14802848025657447,0.3596574272079649,-0.29630999373119243,0.3329050549592454,0.6514724141590158,0.2252701269652073
0.4605035251051797,0.47248095544668994,-0.3834087015207402,0.664407075869521,-0.3408657235828665,0.032006741172749036,0.1726568589900341,0.9889797675672003,1.5687859662798196,1.4483626228872362,-0.7181582661851278,-0.11637152229821876,0.3138519138753999,0.3003023845151897,1.7125107416088385,1.3654856612342352,0.2592243321468844,0.12653557838781054
-0.5971065258132828,1.5208101342603764,-0.6793039806379186,0.6470282692646747,-0.30234103272317125,-1.1681182413242193,1.4218385045778075,0.7067964844367213,1.1189838686583216,0.6429181943660925,1.5906085526206153,0.5667189815616034,1.045575915186631,1.1142627543494874,1.6585225144418936,0.7288591256699665,-1.1078702903173763,-1.1553792607756304
-0.2422552225469151,0.6828900251272212,0.3745558175245794,2.2510589154570426,0.609587428254242,1.0211315243577805,1.137064649347353,1.700497425738411,1.2206566402610528,1.3606089754788204,1.4811094762047818,2.4419616419780876,0.9883548284496968,0.7337423438845871,1.3237414569529018,1.9779100565853889,1.0267435311687063,1.0555882685141595
-1.0913102413149962,1.6764659434968914,1.4376293646325218,-0.2163172249012357,1.12313234369381,0.616763053613211,-0.48597099446117076,1.7718765266392553,-0.13090363242334746,0.5556197246173255,0.3586223906293996,1.4134875942726108,0.44309214831835925,0.047301816796217123,0.2519721639412013,-0.008670187410023525,0.7210122866192655,0.25165610318854137
-1.2533874708577877,-0.4328870263912395,-0.30856416643786233,-2.1474570580822085,-0.8789530363886077,-0.5223565672760715,-1.4670327835177366,-2.3227999077568233,-1.778960746479409,-1.8784434935905778,-0.406211418035018,-0.8014134741641568,-0.02993276316972365,-0.48221085336538694,-1.064277240145498,-1.6623896185764624,-1.4399780998744176,-1.3750044977656295
-0.35842719234311915,0.3804527649913857,0.17497530939245262,1.5151711157498282,0.958911126822086,0.2778130567045116,1.289063222793059,1.4868110029979595,0.6652812246358901,0.46532524336236974,1.518157582285818,1.4437745830807052,0.6380577797437407,0.7016697299399561,0.8427017116531152,0.864061369120834,0.2888359378972147,0.43830833788806695
-1.1843582828067067,2.0568661153408323,0.9777180080171614,-0.9191660431562626,0.08484749225275043,0.5610225524022328,-0.8415816698531272,-0.49464008882260424,-0.21720670638830236,-0.6031813826946968,0.1640824386972693,-0.31481288864054524,0.3456809327481014,0.2988644122124263,-0.0181973588996824,0.4285264648188756,-0.45313495809202387,0.06997598423637706
-1.272449031290146,0.7198197697553097,1.5495609435244306,-1.2505336475165085,0.4962318421494667,0.6808224946307109,-1.3131459080910575,-1.2173802623210588,-1.1609040690283667,-1.1877544568424254,-0.13020706747617092,-0.1009166379967167,-0.015361361480461619,-0.21540698976022374,-0.7213840494856048,-0.5535768516239724,-0.211873911590021,-0.2849531198689339
-0.8569369580282258,-0.2571614114964569,0.8318613689754192,0.6155235811657144,1.1149303833838555,1.2869255545955376,-0.03140333838993384,0.4170454393800285,0.7964705273139585,-0.17208029038465936,0.8099984241715888,0.31830313657303877,0.1812534731253483,0.08586338073962355,-0.6918574916510872,-0.029448059766406978,0.48295292155848246,0.2289803845367535
-0.6035065995083698,0.8082152548905163,0.4886215223484949,1.3624612451767386,1.3625551348564275,0.16442176135981976,1.2326241540033094,1.125116910197691,0.5612781052561407,0.5154676903314351,1.416172629405993,1.539043089767606,0.8071023091188196,0.8526839167394363,0.89339641302143,0.773014763992958,0.30185722860847153,1.0143951177782076
-1.025687571468804,-0.8386814309065616,0.27296119455909895,-0.41514424713997017,0.17326116350410783,0.6830048599772219,-0.7867365913480882,-0.7125566250457301,-1.1872002173879632,-1.1633549844019715,0.1475558686792542,-0.4342212873277535,-0.0881497784243583,-0.33367479648429255,-1.2481994231147238,-1.1672170972812517,-0.28580029642411403,-0.7991882155658517
1.246950913559403,-0.6384193134531314,-0.951483847109731,-1.1276078625119819,-1.3937300930167258,-1.2972081086338123,-0.5556010910310368,-1.3029986855027873,-0.663291622887359,-0.8568433668868336,-1.4119906878970905,-1.3816578090530434,-0.38712371134200335,-0.2992989122663202,-0.2850113727764824,-0.9588359221545822,-1.2377196769813665,-1.1888356803109512
-0.7921526898263599,1.1052314791868012,0.6036100047116125,-0.008677505696945892,0.9630167117826138,0.4231556070914464,0.28970128284551566,1.305146442109603,0.47995266053353586,0.34993977010008515,1.0513783129249277,1.4924697547544261,0.76153346912344,0.5436152903306077,0.7194867414271368,0.6914201410898649,0.8151409807000869,0.5719865842292422
-1.1651047134263397,-0.05131981855318743,2.1565477178376633,-0.2525105264884681,1.751785934314897,0.839315027319071,-1.4469590325430792,-1.3178823153964216,0.5205083787076888,-0.656564284946983,0.10235749192332143,0.2703930176142845,0.09375417597354913,-0.16075688513975492,-0.7170028328118055,-0.4164765897575892,0.2965485427519073,0.3375697322827795
1.546344284224828,-0.9162119625518453,-0.35829227762440974,-0.41696378679390517,-0.006223796424026692,0.7507073893281913,-0.8425053634657576,0.025579959828125127,-0.48817171353851696,0.08856600694625415,-1.3012868434999987,0.27063040799546156,-0.34742185328175806,-0.30556681031293315,-0.9373033255245274,0.16301232254760326,1.982767681809114,-1.401500765514522
-1.2072235542229535,2.746245591172809,-0.08448078371183942,-1.5424518912743441,-0.7206335138309284,-0.8232895754909729,-0.866925550194139,-1.3875331643068176,-0.27336562344007753,-0.8552291708285549,0.25028430922165956,-0.31984151330696237,0.2561380208840903,0.22239538805419332,0.3644268816618742,-0.10709925648332982,-0.7128932937931604,0.08535912240784559
-0.7228213777541628,-0.22676782626686523,0.06147905883772584,0.8771147466947398,0.32272932595578546,0.2168772599348702,0.18678408429914073,-0.3068486099665188,-0.2525894786718739,-0.46942774834545287,0.9529026410673769,0.5893782881062821,0.22247781573783265,0.19509941843747033,-0.15565069533797338,-0.36545452109996873,0.005461888597428585,-0.16872664926540623
-0.037994806128929214,-0.7275346014143568,-0.1911105951693752,1.2442882588256785,0.4229537116741713,0.6479245689107462,1.3935394818944766,0.7331673051075341,-0.4492803305936293,-0.6843293020324911,1.1351572621136217,0.5153916986719713,0.25113443492033133,0.16175834740130723,-0.32471473681472957,-0.27382508374959114,0.3068089158892518,0.3446639916078589
-0.4667356720979004,0.9244207171821054,-0.9092651882014227,0.6378502527199461,-1.1233249814847428,-1.3987359070131695,1.9077222991350054,0.6594005126956447,0.5367025999027574,0.0752335825243756,1.837487937247667,0.40436171040295904,1.1225644903693457,0.9723108435056016,1.3352179822894434,0.22705433623806828,-1.2670267058076838,-1.443698290727879
-1.2920024290680792,1.2809802794166405,1.7882066970784283,-0.9323201052879415,0.9588840460805004,0.7825947679824311,-1.4794706094371122,-0.45334570258987317,-0.716343216973228,-0.7355134523673074,-0.17179890889198696,-0.36826670700860126,0.05920235162082939,-0.3230315978758863,-0.6348159250680161,0.1643248029012348,0.9514439529665591,-0.36184186594004025
0.2102465074519382,0.6153264313603556,-0.6743253427748803,0.7088348579094055,-0.8167545760258937,-0.8600110771484473,0.5054212338616466,0.586976593677229,1.219060474460644,1.0487211528923897,-0.2852266360978281,-0.6440668859464379,0.42803902670557287,0.5324011240000807,1.4911518514726811,0.7108193317032857,-0.712633962749324,-0.6193138884473798
-0.21805393565324746,-0.37897701501665065,-0.4299117169891569,1.197602842562814,-0.5991631709134352,-0.0972039059731274,2.0612506496453498,0.7212089962068083,-0.470556682967236,-0.3416330130821819,1.4591548370482608,0.8520016006318666,0.5277555677640774,0.3898790936968197,0.0628864797196924,0.04896227982228602,-0.08063660641002478,-0.1696372741450627
-1.0697184296344349,2.5699247358813104,2.238638302711411,-0.4782827193536223,1.7801037796993682,0.77808242439105,-0.23812363692562735,1.4091933053738523,0.4300829217455557,0.7846260927806328,0.863920461134416,0.678629014788527,0.6479123636125368,0.6270827585480757,0.5249464608984871,1.4204256462180846,2.2144102792030864,0.9775774819991399
-1.235747328713205,-1.093753024429526,3.367708261907892,-0.25357043702970355,2.26113603978721,2.214716447327664,-0.8934713415910503,0.02261558551017945,0.19278421860005904,-0.32706863553153365,-0.16361738870446466,1.2874615428849108,-0.10186592404105625,-0.07896683009379306,-1.2831611038480129,-0.5502395839225991,0.3551843164260592,0.8453431939922741
-0.8962355753888767,0.12122845570173693,-0.17004268474156237,-0.5122931727259591,0.7597917753481438,-0.3235342825887913,-0.3893019381234352,-0.675324822178919,-0.9862874586062836,-1.1748307894171075,0.4808990497968095,-0.29200810773161373,0.11109126283788825,0.085070776299705,-0.322001580877744,-0.4605096531426487,-0.900533793046292,-0.9249478047298116
-1.0374730033450439,1.4123803509067596,0.3650219903507379,-0.4529920624718219,-0.12308188697615664,0.5082583850269228,-0.5756633245414804,0.06313415073215851,0.27328516898274907,-0.22739018323960505,0.5334177441412441,0.013819913434572574,0.32282620552791036,0.18753923488676683,0.3226034493451143,-0.17017554267462037,-0.42561579544203126,-0.49097070714269553
-0.9685460204467952,-1.3543942876513417,1.7025429270690005,0.7203362586681148,1.9049509736984844,2.073498909140974,-0.1339101737982201,-1.0290299928736166,-0.015604825055522131,-0.549368257471657,0.769065197566369,1.3868618763518614,-0.07403488329012155,-0.13186788301412283,-1.266081889494525,-0.3994155442618514,0.19803704589156196,1.0958390687390738
1.8456439460397998,-0.2882569063089018,-0.7199581138474221,-0.6708693614951317,-0.6426933913027603,-0.36392047331714933,-1.0048393352303528,-0.3612953195431618,0.9470401941048379,0.8256877277810951,-1.7216584808218256,-0.5310192864811799,-0.6028451540431449,-0.5391165598478885,0.7612059079053279,0.7710446420594985,0.03053540718203276,0.33282554095604544
-1.294027268848847,-0.33370806933635505,2.585432095026975,-1.2980340143361146,0.984080565451137,2.2928426557407806,-1.559204208098956,-0.0023798082107498596,-0.6766081260252313,-0.23403907812788005,-0.20391910071403432,0.3888052067505706,-0.02640206520135965,-0.3543528512829112,-1.092165038654837,-0.6124293566644436,0.04322874273863742,0.03051025417545205
-1.1273458980380269,1.796710603491548,0.18360529959543917,-1.3692615142831042,-0.3561125312925094,-0.08172302334348902,-0.7350320622122883,-1.0171875089003528,-0.7205881853148444,-0.5668855557849963,0.3564450510440499,-0.263520884741752,0.3149868269571122,0.10315329088279972,0.13572836170576466,-0.053938432170871714,-0.7086092007394449,-0.6901173530638265
-0.7998373395646482,-0.4884392850086581,0.03803691862727123,-0.39431154382884276,0.6388885230398978,-0.3072587128667107,0.07605085700898627,-0.7082828738491226,-0.7871999452955558,-0.8896380081054605,0.7875495003608566,0.32245021718773575,0.06784593730891118,0.10344159389869279,-0.7004019245081513,-0.6059872075278724,-0.15665694059669988,-0.4500637991432969
-1.2216154171158529,0.500646051061616,0.7274355446067544,-1.5236651382548876,0.1775591902960076,1.1221111454456243,-1.3418977889279322,-1.6334972830345145,-1.2525049296313349,-1.5857543360847797,-0.05912998324526969,-0.2690575512980692,-0.0056047175265009465,-0.2498052506957396,-0.4957965858685919,-1.0094971724841868,-0.6268087185949052,-0.7084843532555537
-0.33728607145124223,-1.3084861003514652,-0.8862483176180314,0.673764477145229,-1.2097899943834076,-1.3675562325061197,2.227273344573142,0.4644848056426186,-1.3930124514642697,-1.3493444021399217,2.057393534023466,-0.039402098415878405,-0.1669040732078272,-0.13217269077330474,-1.2158730667671849,-1.6533200645491637,-1.3789796452732632,-1.558765550923014
-0.929106633952916,2.192237703525329,-0.39780561171403483,-0.48708432961323245,-0.49976830599043204,-0.9618568563764577,0.2253335837632603,-0.183802463180415,0.13305734700335298,-0.07304991993823964,0.8623210484782142,0.2356179260400809,0.723284368766009,0.601922004849062,1.101370295985553,0.2747996865974093,-0.5224925508092887,-0.8057479895132332
0.5408962243954797,-1.1857229725007155,-0.4793088513010066,-0.3038624186140838,-0.4025047663906158,-0.5758557927762633,0.2612663554567542,-0.23100813216872376,-0.3897502043247991,-0.6897611845852336,-1.102835677657156,-0.7155377020980034,-0.2574189147820305,-0.17452550723084043,-1.404932197441762,-1.1347294437266282,0.007912688641823047,0.06843987081449592
-1.0760879615553356,-0.56433100119318,1.0706629495392417,-0.17873429404464258,1.451635425755704,0.2554333920168532,-0.670602397409082,0.17183416422786776,-0.18317004402473697,-0.7302305818618052,0.17800766378232852,0.17517145490359073,0.07877372184602233,-0.023824709661995895,-0.8738740588489713,-1.139418351004151,-0.18781891706257534,-0.2598588763390051
0.312064960001877,0.07354401031404804,-0.05267624703813904,1.5220585493254808,0.478947833841907,0.9915404547380433,0.5748853049567004,0.9474290729144849,0.710701590347712,1.211840397685617,-0.3314093062798284,0.6056406365115509,0.40062487173661226,0.45232071021812953,0.7326407236179004,1.534268669314305,0.844370317399285,1.2865879615029814
-0.5762503866231878,-0.7403583387590356,-0.543491653577975,0.039958824821947896,-0.5629195218663076,-1.1028904982781988,1.2168136124959357,-0.2246605459934612,-1.057808229835399,-1.3674236029491005,1.3111439418743305,0.07255398832951411,0.12077512304806462,0.12420408161334043,-0.6151570958762307,-1.0583556688263527,-0.9856194962229597,-1.1429337509096815
-1.1206657083649874,-0.11961668281007942,-0.5215343496659218,-1.700327431194559,-1.0036503942048576,-0.9780415302469745,-1.108703035055967,-2.0918790360739923,-1.7531361531625884,-1.6130128336425429,-0.015559161268742206,-0.6455673397038912,0.030278631709052366,-0.28413065915420366,-0.7944528334639412,-1.4008764951711472,-1.3718022707590474,-1.5197410629721368
-1.2614684649924595,2.975684146989752,0.9546993302602764,-1.0016143759866147,0.4637331149706253,-0.2046583476827109,-0.8980200912462509,-0.07259215574167928,-0.5044344356310569,-0.8471335609366021,0.2263176903735571,0.2787492982748062,0.3779848262336646,0.32896016057271604,0.41599381729347945,0.5913230603073375,-0.42264515255271917,-0.23077446681737296
-0.6924930217008419,-1.1017485332419443,-0.7723267974362412,-0.3841333027545686,-1.1025345344779682,-1.1809753838116468,0.8034540711553443,-0.6551351332013802,-1.4349592623971945,-1.635672649747723,1.0185963146177532,-0.4090062801979342,-0.12406790513564354,-0.05262334726894508,-1.027913710649413,-1.6842678050000714,-1.408058666174423,-1.5710673152315595
0.6306745244267471,-0.8309098642324083,-0.8374099613504231,-0.6031633902118393,-1.2083642722676717,-1.102627638607671,0.12587810531106017,-0.8558489605504614,-1.247751289117627,-1.206625566062197,-1.1893113058292124,-1.1794353914817615,-0.15310508754795316,-0.10181787161135517,-0.711883322472908,-1.2183051463254122,-1.0589449335330388,-1.043444082396696
-0.7769650814680321,0.03539838676789181,1.1003780322195653,1.2153629475255203,1.2395632535866652,0.8825477974880689,-0.2425897075707221,0.7737928651985111,0.564545496294672,0.6222606525495622,0.7510714504682522,2.0564375753652566,0.3234571391332738,0.4708418915954508,-0.211462422926334,0.48561227213049657,1.462747333445488,0.8694085911236543
0.8877868291916787,0.3004190396127656,-0.18245672247360314,0.784431749132073,0.22635192151226313,0.9378827069888855,-0.4206742955236393,1.3812617728428447,2.0611043685158577,1.9497889593291353,-0.896615588030952,0.21550607415801346,-0.04640779200463299,0.055550242296132736,1.5903417107192523,2.085844068040293,1.539033954458124,1.8901518032985403
1.7786586957355142,-0.5129511433577039,-0.4473330432347778,-0.09532193289759122,-0.16342099807829258,0.3879717590211488,-0.9537304986335641,-2.5762559078685645,0.406816558895588,0.9781876186262362,-1.1978865428636487,0.27392943093268063,-0.5056009843617888,-0.35910753240554044,0.2690153234805729,1.1309710111641598,1.2583344117793462,1.519997788837207
0.1842098601729316,0.19256700974352925,-0.8238108556985764,0.4752948875477809,-0.9764367923253023,-1.3153238887618648,0.680259650242527,0.1806887961385391,0.45326865461363486,0.16748145996113514,-0.4982032191839857,-0.5944509965662682,0.3084570540162903,0.34509588549696585,0.9486267577932157,0.05627001095142786,-1.0290321844582064,-1.2464874919559947
-0.3636796632398357,-0.4392458982636097,-0.7366996092273952,0.727070742796256,-0.4341199821581509,-1.1093910873378443,2.083120571852586,-0.014182508722507358,-1.2386651336082106,-1.2827988811700868,1.8705210301690887,0.1405573823932003,0.268185192976692,0.273731927981593,-0.008006185795764594,-0.6707629020179628,-1.0707145174782677,-1.101914393982845
-1.185730008330355,2.5505864481053937,1.9591744010520258,0.32336267320283335,1.1436418262024026,1.6791934410030387,-0.5041430101166884,0.24882957028302205,0.43309024572908683,0.2022198135170709,0.3509332172467231,1.0188540225927842,0.300248147464249,0.42259983801463213,0.5755417174486913,0.7423347894364555,0.3475999947278749,0.5191165401994026
0.06499766136641888,0.5525137408792942,-0.4932526266420991,1.1640435581444106,-0.2720858824098679,-0.1793796511506788,1.0363584975691635,1.0914844569101796,1.1061187317977546,0.8041518493040188,-0.021767504930551382,0.5544866659531499,0.5486845903704964,0.5681759992405641,1.3885794299627887,0.8148611673181467,-0.42352044699160546,-0.525602752050652
-0.8258741802249867,-1.2618337010024718,-0.10401802514118436,-0.42226856648154815,0.7128899654062898,-0.09008550098213383,0.08889293387726972,-1.057194541298239,-0.7401108559343538,-0.8557384961288055,0.702999817746179,-0.1977026632182893,-0.1305394551797708,-0.1593617222025968,-1.3815611536730266,-1.395718113042986,-0.23134646901232298,-0.6461500384591227
-1.1009513331046683,1.7217775392276542,0.10013469448592258,-1.2157426638106474,-0.407758939848964,-0.1708149449031512,-0.7238325949509032,-0.6186205917779805,-0.47707168240350134,-0.9126301091566817,0.40363746823067564,-0.1924498129697593,0.22787602026371773,0.24768671963599714,0.17308528565279505,-0.22886361271842987,-0.40105073673859026,-0.5003433571917566
1.4433551915456229,0.10713876773144031,-0.6467295950065841,-0.5165399114153042,-0.7627818408149497,-0.49974866336209817,-0.8178329900057687,0.10811015395138059,2.0953416873590025,1.7205025108900829,-0.9999848156496086,-0.6998755605719184,-0.3683559290603347,-0.24851325728488977,1.6288086833012456,1.217888826593849,0.039927126085898,0.07319472021370113
-1.2680941991063162,-1.4148207587225128,2.4357047822898266,-0.8563850384851677,1.3141893127882596,1.1347052370642636,-1.0598106690676408,0.435929721360803,-0.45679638747298335,-1.035863739959614,-0.11207813923251017,-0.18099823899257636,-0.18327799635548075,-0.12927138450403425,-1.3786793800076067,-1.0109568210545214,0.04066211776302659,0.2791077174803205
-0.6022369356610818,-1.0004557159263527,-0.4527761177350212,0.3834985875874987,-0.12864532494848352,-0.9070537702691434,1.120533417973698,0.03880138829997094,-1.122886224923089,-1.318297283690211,1.2468075785609471,0.1254342322858529,-0.05938890962760611,-0.0682991337727147,-0.9357084615359029,-1.242629363492358,-0.6741144664105496,-0.9019477123081888
-1.030837606402712,-0.01577441858429074,-0.7044213289729978,-1.8534967019711528,-1.1037192680749477,-1.2214834527211311,-0.8694228324882671,-2.024010491724743,-1.7004657108958219,-1.678133246210534,0.2153719912000277,-0.7328829687821289,0.021003169117417876,-0.14306292630525655,-0.6123781293278604,-1.2482053675803546,-1.6000973755014705,-1.565331368745628
-1.2422006352984098,2.65468157249609,3.756150612450519,0.6374314375326442,1.8065463177971044,2.3998143485093415,-1.2223864694805922,1.2217372948150373,0.046154303555208755,0.46047585882781256,0.34217952713544497,0.9985686009252406,0.5385828319341606,0.2355267051766206,0.3430694112248369,2.1584815785960827,2.5306303291715597,1.5246142314152884
0.5667795888976682,-0.644933863884369,-0.5634182783391997,-0.29617463394182625,-0.6375643504568714,-0.5169248075827952,0.14554728717933385,-0.3766609289995299,-0.7948200722334766,-0.5745043052082125,-1.0937845912942759,-0.7954357908260156,-0.047491593177675775,0.008612936737145397,-0.4254815544201048,-0.3140931829041196,-0.2698760028498223,-0.24547807304741087
-1.0502051834352493,-1.1731333110872848,1.1546165982222805,-0.5270263313739599,0.997836139385501,0.9510451524812739,-0.5590569457347234,-0.8193685836872733,-0.830615702017706,-0.2824946525987111,0.13571303527447423,0.03252876857289004,0.06624146805860638,0.015071774863112068,-1.3675688876554808,-1.1395331630055052,0.3072015157705336,0.5619759968562219
-0.9026601554891699,1.3164593936092146,-0.2485061820548481,-0.8170993411600052,-0.4489536074460692,-0.8639628668816371,-0.0641607374958528,-0.40650927245268537,-0.49571821342786637,-0.5566032306787628,0.7234117375841697,0.013385557016612903,0.39240563891880265,0.3326272888518993,0.6207052410525291,-0.038906038471075155,-0.7664916280183837,-0.8444429144062243
-0.7506232035903877,0.7622292478934145,1.0164875790034664,1.552175775014385,1.3466716652022397,1.4812172980497653,0.9659663317923021,1.0634749272434276,0.8258195746082218,0.7122280531445545,0.8877556764065555,1.1451753912738611,0.5224856351740284,0.5954458856916951,0.5920930822319342,0.9722441219183687,1.2631423703640126,0.9239336920162026
1.0852851059187563,0.0698022761516694,-0.5307564602641079,-0.37113297880288354,-0.5901553857235137,-0.30178091872528595,-0.5568691558322599,0.28043469618515415,1.43956755649575,1.4458599957969118,-1.142207575320668,-0.5708516978204157,-0.20915817571857487,-0.10252437222183362,1.1834071753888686,1.2041636875464092,0.32054586432689053,0.687398167804152
-1.166173167117097,-0.8736642731850002,1.2613015076193717,-0.919679671219364,0.6845421999213392,0.7760657115831188,-1.331907441472622,-1.1838135825119698,-1.210118424951122,-1.327473538830217,-0.09018727558682704,-0.1912648180384079,-0.01659232639223344,-0.2520467422299388,-1.0712468537620505,-0.7906817873920612,-0.49647041992231233,-0.3242237082682474
-0.46473794001315505,-1.2125447677658066,0.011528116208742013,1.1399753311286698,1.2695549359138216,0.22044712110315415,1.4579014531319376,0.8624336373425454,-0.08076871219624837,-0.2054347383463516,1.5289806972871283,0.5852864364878617,-0.24919344602590657,0.032908954987818075,-1.0540334944447236,-0.8508143332035281,0.41941143758427624,0.04112731863429706
-1.2873504134442517,3.086834075366478,0.8122103034186423,-1.2093457291011145,0.43624679194214266,0.9966233579194899,-1.000720882920521,-0.8306750227357649,-0.20213079511876958,-0.7860913737127282,0.23107990932908729,-0.17319922945886998,0.3384448991696077,0.27939572230015813,0.33240178361243966,0.0993699621836224,-0.271657101973897,-0.018939115827477912
-1.1471114070652995,0.915498925839978,-0.6123005697747057,-1.87706682861488,-1.162213252288342,-1.0949549290875498,-1.0506348446010236,-1.9876372131977957,-1.3969317456517096,-1.3784834545300395,0.02673407763373367,-0.7604239655651985,0.1281175170652055,-0.19915159353990602,-0.34129266749332376,-1.1279103340225343,-1.432120452093393,-1.709515541692922
-0.46992641416530956,0.606404365867307,-0.3737267486764236,1.1153620042748862,0.684303800601217,-0.6490068037773431,1.568755731435194,1.037486822250588,0.16017340171521224,-0.002900257380124926,1.7722359755563701,0.8839710575339809,0.8593739039101895,0.8578221664762238,0.9695107878961912,0.363112524129574,-0.25249472927354916,-0.5573835280416443
-0.9698285036049396,0.4541163048765807,0.7813323323978136,-0.49028881841893607,1.6502160138280904,0.9368687955433007,-0.3609118041129696,-0.1813601454542534,-0.2793613611389297,-0.3872776508675279,0.3638220071810601,0.16561286341655834,0.1756564174708083,-0.015038674798773796,-0.4946610160590816,-0.1638788249778566,-0.0518721467911929,0.221127668052127
0.43456965064678527,0.41771666532364443,-0.2921737284103685,0.36678950620968465,0.020290029804138902,0.007573320333668884,0.1892459643491011,1.16295853842783,1.5944679567136084,1.371911707157638,-0.6663566443942572,0.3292340856093636,0.3591913667525098,0.4032047720236128,1.387003358819489,1.4078074512124936,0.5777693537078797,0.581206955040174
-0.7164160172629928,1.6246520949619314,-0.4873060110505151,0.11644955352038328,-0.588913815633702,-1.1785901347053287,0.9863267074501272,0.3716738089666489,0.5537329778139115,0.2549736162932496,1.2346648503337616,0.22579627729165955,0.9206578990652472,0.9054939787386834,1.479436926100369,0.5229805148177842,-0.7429425267170332,-1.0208775280427254
1.1652666141168877,-0.294773689111927,-0.33555499068182304,0.032139638453786035,0.028391703151524682,0.35576939126219603,-0.47922809816238926,0.23283384063960974,0.6413979792135509,0.8959725808424105,-1.1784432030869119,-0.2522965929299452,-0.25071021161693474,-0.1311557465055152,0.5291482306181516,0.9924437849318558,0.8272086445327651,1.353320559872519
-0.8832283134734491,-1.480925477944017,0.923318652228181,0.5740333794016876,1.453988644781573,0.9232460463030553,0.028786486313298384,0.11722396689420278,-0.40861008689616324,-0.2724037999391254,0.7661040170268643,0.8209720853616094,-0.09683405761691667,-0.07151969070499495,-1.4604879826020092,-1.0032475948629536,0.5198280676333912,0.22428598719985962
-1.125360972787923,2.6169608192357336,-0.7317209157590185,-1.6184899360519547,-1.0687893299683469,-1.1497136499487108,-0.46834443902846773,-1.1702068738151865,-0.16369591928018065,-0.6105206803454709,0.39130858388014256,-0.43685327541055435,0.4501827702942785,0.3460422761745674,0.664260328967141,-0.11602541054234615,-1.0117424121889593,-0.5388659223261937
-0.7987560540868198,0.33374471300537334,-0.9357028157869705,-1.0410553872789488,-1.2184365657250917,-1.5098151155222754,0.10073233779902338,-1.1379232344773924,-1.236124010148668,-1.2602662993976825,0.6623657819385765,-0.38322048659649305,0.28502330236720524,0.32022662381160455,0.10768370739195612,-0.9044927417255616,-1.6001638666852647,-1.6119230434787062
-0.33213602404111964,0.4967360518757521,0.09145496530785654,1.2818466255876877,0.676778332400142,0.3345041959346464,1.6088701265430398,1.4129406469518873,0.5292311865372138,0.6028938308789517,1.4206897288232414,1.4460022236545993,0.8367513833175421,0.8605006315166156,1.0285422734213527,0.9350064681685233,0.7549720031651952,0.3373524748416762
-1.1584246391582884,1.4494246514555242,1.1271902312650115,0.44112686637430354,3.109328623191449,0.39295115599761354,-0.7384282044133273,-0.2449099195411046,-0.28470722266925924,-0.33922599157131,0.14314654480356795,-0.04771535277162427,0.2303665880070965,0.08537352128377612,-0.3393586837635342,-0.10469218833225254,-0.09698387549277161,-0.13960987286168478
-1.2179570290836477,1.6019157163079036,2.718385765547965,-0.5286891941724707,2.1642956210587445,1.6008001755147223,-0.8030140131832978,-0.47423410881050226,-0.0988464671145459,-0.9662484575631644,0.3516665090032333,0.36065689736384676,0.026569449007662675,0.12783855539087788,-0.30144605307244354,0.9282001688969821,0.41573652674318456,0.59568350865251
-1.0715511138716682,-0.07324733449619934,1.982771172757532,-0.23085714911104435,2.7977097572967145,3.516645136526001,-0.37641313730395737,-0.24235371052319454,-0.10221689565256932,-0.6829723194654811,0.34745026567421544,0.8401193930913154,0.21847246866547623,0.12195225661725559,-0.7665834717178133,-0.3826247998519073,1.2116336433920405,0.7462237689733016
-0.5156471756452857,1.3735401611059992,-0.1386610614187164,0.8527720890121335,0.41293641400797626,-0.24548979143098362,1.379675006084357,1.561410565683616,1.0311203263452458,0.9520490085038783,1.7896122742125784,1.2896635422911604,1.1466673172310498,1.1897164230023618,1.589143789537295,1.2916204128179638,-0.02290587079648742,-0.20905746721618526
1.6492195252045507,-0.19968926908179035,-0.41156153137046075,-0.2536470466420028,0.028330719914845422,-0.08314700229982636,-0.9871753114757577,0.013195154736308235,1.2313258539074248,1.5739541803602721,-1.075484031312672,0.42125443035133703,-0.4099039990229923,-0.256885499139451,1.0643976243680366,1.4563921150125498,1.3200950348016594,1.5455803141353774
-1.30253129400367,2.425968038163774,4.577311592381299,0.2738078345929728,3.9207850491331024,2.1120662768763347,-1.265180006538637,0.3036584834763794,1.336743215141525,1.2544910401963822,0.43500773146692745,2.7340882667298274,0.3879747131331495,0.45760951790199306,0.09815817584088571,1.1131209403169608,1.9515822670860457,1.5980301030555406
-0.9992404691943106,-0.912253570832824,0.12386180510432644,-0.8593781256280196,-0.11341499924599896,0.2669070136930118,-0.5513800253387421,-0.6851329611781223,-0.9396557223243496,-1.4051657077786615,0.2483610919510146,-0.13332946104413543,-0.03940012043163879,-0.3366521429439707,-1.0601268642263817,-1.2906314265482406,-0.6066097375138704,-0.7445193411061984
-0.115013559492509,0.9026558021087233,-0.2580970325030822,1.141614329457825,-0.09600528075210477,-0.15812530335237768,1.3792281703046159,1.4953491675680395,1.3609746588902485,1.29296936236044,1.0980804773070119,1.4935653177760595,0.8564813513747425,0.938062818578872,1.702460152015082,1.2476688285272564,0.5272830139008112,-0.05626136075934537
0.31324821982256107,-0.7467149782596182,-0.9752823132784656,-0.559437925771951,-1.457250242635842,-1.4715931091256729,0.6192095138787876,-0.6794960226595192,-1.2333829095885351,-1.5802832686937278,-0.7958596323111892,-0.9862797437574402,-0.07805413221905091,-0.002157952455788402,-0.5779822854834835,-1.2686556274202008,-1.3563482966104166,-1.4268177155773398
-1.2660180571296933,2.155353840012137,1.8792422416431065,-0.4645871489273723,0.8683931538523781,1.4671856939036738,-0.8566711158177803,-0.7232781054529454,0.06613649294891824,-0.7855175065005067,0.07017937500408211,1.4656325500588376,0.2232406290928749,0.05650285030487476,0.044847375237952805,-0.16200897761177052,0.5524998619825195,0.44182999613816376
-1.118575234336446,-0.6115812355815372,0.42533621803381927,-0.9664652674062463,-0.15206499708807109,0.1403052293357702,-1.135641845884572,-1.7828402734376736,-0.7705277278921694,-1.2698746237732634,0.01691073234875855,-0.3316348847477472,0.046991063858719484,-0.2014807037581752,-1.1484365417762559,-0.9742484334265856,-0.7353387205871722,-0.7380296450470042
-0.6968350220976006,1.032731538618097,0.21053132276831737,1.0170331123690455,1.4932238157365323,-0.032019281676367174,0.6490011322995649,1.1474521615647901,0.15847737081670057,0.06190403724299602,1.0884446605211422,0.6952481954388112,0.8052162473405151,0.7784725761010729,0.9401654937823033,0.7803172731836682,-0.1735719343226874,0.1286763952931806
1.5203583278071446,-0.8220250832646532,-0.21605152861813579,0.3488924249233802,0.18420044518217665,0.36520018030779944,-0.8200461608720835,-0.5032795999151937,0.07021239565142767,0.30567845049002057,-1.4567710484714365,0.3820030119389535,-0.29973132967010485,-0.1497727640295721,-0.627674038591032,0.8666218863407414,2.048660185353339,2.232061654965911
-1.2336698268291528,3.307925274141305,0.00654230525706744,-1.2722294931187197,-0.5415443780055251,-0.21927716006525436,-0.8087838397721844,-0.9087087480176987,-0.21028330473317522,-0.3403660727899577,0.3554736311976007,0.08637212444268486,0.4622194406119539,0.42446082309337113,0.4366070631140315,0.2307131058027923,-0.48056521603814817,0.21976004816543782
-1.1909872856888792,0.8593893918328879,2.2988382058190164,-0.7152512490414167,0.8768447416156778,2.734872051130094,-0.7180613196459528,0.9546268522389332,0.7436653408102476,-0.2554345497147116,0.01902754553402185,0.08575814310564915,0.03629151072354509,0.14863950804407908,-0.5050467427126708,0.013267046753190874,0.3507741399954997,0.6642979556641369
-0.33870956702880645,1.1804156265301666,-0.6027097471291407,1.229859475878665,0.19015475277981925,-0.8683742283232396,1.7805684797069001,1.4706735193353377,1.1074500482686607,0.6713605149288636,1.8987333325010074,0.9137388555027125,1.35380596057755,1.2751140973551818,1.931948467215614,0.7606605959424536,-1.1151701292002656,-1.0390088417176435
-0.6450118195062733,0.3401571177406749,-0.588610652176935,-0.1524193775485235,-0.8215397168383859,-1.0950797885537837,0.7134351499336854,-0.11508065145976726,-0.36118527496127784,-0.6878159187682148,1.1886874717965736,0.1693891802395785,0.47431797154978933,0.41751428531024276,0.4361339006436289,-0.27290756448371095,-1.0528602477166409,-1.0934132044188354
-0.9000257964653554,1.5251359665427418,1.4743373329492546,0.48702707565463665,1.169515776621555,1.1379843008771557,0.3046393329299052,1.5043375268489139,1.3588698045162866,1.051054355865757,0.8511156023025986,0.4908517804227299,0.5993666432211971,0.6518829763563873,0.11595367613082845,0.9499829912266345,0.5952667025431138,0.9896432780891359
-1.0667584195671709,-1.2931821783686286,-0.8033605537628912,-1.8901707096511775,-1.1435552804073068,-1.366134315351591,-0.8735679276450332,-2.0094353586279823,-1.742030501349769,-1.793044660521426,0.13315508321050593,-0.7698332435797174,-0.1572765501513077,-0.37034392735810695,-1.4098569963398375,-2.1423848345357484,-1.6479093941481264,-1.766321607873089
0.900275239637121,-0.3448282279606728,-0.6790581633387763,-0.4267472869849506,-0.9488483865244329,-0.6029882079912369,-0.20663796317492084,-0.18701553639467397,0.019872116667115438,-0.005083640605098241,-1.1963273985499916,-0.9834415496917578,-0.17787354254725268,-0.07717615341737548,0.2447355043760243,0.19046239000301965,-0.12839289781505903,-0.1801277075787692
-1.2584923200602172,1.284557929357084,3.656942688764786,0.6622442123436336,1.6312514329122982,2.8626786619369073,-0.9464743105867005,0.18033483280550736,0.2604741960808585,-0.01895027766235527,0.2268214622781522,1.4298872349392782,-0.010535026404089902,0.19121198967221917,-0.4590655752568378,0.1850101078842719,2.233941909369707,1.2951270344008508
-1.0334911413688974,0.18768858711491443,1.0547503212328058,0.35284566499181136,1.583427731363025,1.357104881203492,-0.6940857298509548,-0.26861006298213647,-0.594213919634149,0.07531022721214549,0.24669278912304207,0.13246431030212547,0.25735868332246215,0.040509581878656185,-0.31767215302735213,-0.48906013483559535,0.8020935801069661,-0.22132219697201744
0.4786376442662008,0.6443420165663623,-0.43418885180595784,0.3755632460973296,-0.3581723108712397,-0.29421676898489013,-0.1040429754777089,0.7224322013991722,1.7911802310028386,1.6659881805187535,-0.6954556159011286,-0.24898969635039003,0.3529276894275091,0.3081188875651976,1.8053130698556705,1.5519520882563582,0.28522591560998983,-0.11361528684987582
-0.8814438092592808,2.055417467603945,-0.24304102528464575,-0.31062470224078476,-0.49829702630368694,-0.9668295537871558,0.2523090869776174,0.14720210423035365,0.37050369421480467,0.2277967069352983,0.791644018467301,0.3463193465328315,0.7836857738394327,0.6849761130083898,1.0243001768707645,0.46832640290647065,-0.3908153814920369,-0.6779978681346287
-1.1235683465578252,0.5477959413172341,1.3670859997739107,-0.7327935438266641,0.715158584522586,1.8169613637979798,-0.9558354057030007,-0.5063539347845628,-0.7030417008881273,-0.5435379553071038,0.1298159706225887,0.17868363598772052,0.16422319555178438,-0.2785141825594518,-0.32869229779079784,-0.03352343547225645,-0.05572222497396803,-0.2177079368971911
0.5948035381457262,0.26500495303960786,-0.8816284871014931,-0.6179361431656918,-1.2944009163885806,-1.24838062286416,-0.08363186299623518,-0.12799356603034476,1.1481033620913639,0.8324826021295527,-0.9332869556470846,-1.032688443346498,0.14388343052447838,0.18523816467927876,1.2862803772437439,0.27940128282745375,-1.1249667224786555,-0.9312118216289168
-1.1565298077753585,-0.26084565229420226,-0.5056139366121285,-1.9539182356864397,-0.8439734784253626,-0.883344070843931,-1.1971136493622923,-2.1526518823660483,-1.797545239753771,-1.7982689147740174,-0.006594552785544726,-0.7823786132454834,-0.05176647785520306,-0.3961637874906843,-0.9417168205234494,-1.5612690808277303,-1.4999239287095734,-1.6252220445607437
-0.37614333335104133,0.22912529455994532,-0.12365693398088273,1.2139195791541626,0.45669726451731857,-0.016568375436014516,1.5912195069981772,0.7843286490818011,0.1306097126750436,-0.013584161114554325,1.6236033150432925,0.5565062633505121,0.6070937536829629,0.7221216785169763,0.7845829592782035,0.4308563752111221,0.13920035332571346,-0.11250190102943947
-1.2256101483077153,1.8796887195557763,0.9414593030309538,-1.488201492017913,-0.707151846055849,0.05671214688637817,-1.196165245734672,-1.0784312569658918,-0.9075029876087983,-0.9483874194900328,0.13498311686583986,0.06126551619392644,0.28264033994189064,-0.11339983079670529,-0.30930454660472434,-0.32044112171800004,-0.33667945349643685,-0.6325849983605002
1.3666683647616091,-0.7950806642089171,-0.798219986204153,-0.7399716281244855,-1.0239973202071548,-0.8711761034371059,-0.6349642301371541,-1.3411335787478567,-0.8558481165557629,-0.9328725082640746,-1.4422692597045503,-1.057940230925152,-0.4485126196180547,-0.38431549073669097,-0.6679242401611251,-0.8760800678189364,-0.5892754207216718,-0.5703870464415801
-1.150848173798845,1.9915252001682113,2.846052195529204,0.5473863407209434,1.2839504792376049,2.5912348790404356,-0.6477564612827764,0.6317406080745879,0.6795158678204056,0.9998310349879997,0.38737632374114256,0.7217207461032796,0.4414942875633781,0.45753187358741726,0.06289040120177748,0.7823848547860637,1.216126451504829,0.8221080725029243
0.7994787637582141,-0.9580519508976252,-0.04612046106450936,-0.37750545879702074,0.16932399756294642,0.6680399193068209,0.04008676961448334,0.9150987282931139,0.13884729265295268,0.6725223776511652,-1.0801095324238785,0.15245673816296396,-0.17499647237847618,-0.04134731766831742,-1.0043217445551402,0.4672368871639143,1.7932837482634227,1.9956142904280945
-1.304323870328908,0.6951636345883903,3.4109590323517693,-0.273484142908317,1.9694074046995684,1.6884782551320874,-1.320371503526593,0.3755419205392591,0.6067177117786845,-0.5328626561240657,-0.03605772479478781,1.3454972619009882,-0.15532742412366873,-0.08086760948824626,-0.43182129344539344,-0.19980774739823098,0.6759010852081339,0.616125130227386
-0.17545033464398668,-0.18645402630872412,-0.4732086398637956,1.275371565836155,0.05343561305140314,-0.42589370513656055,1.9164826178098242,0.9753425235607479,-0.47293562134827627,-0.6349012122878108,1.5069652055862865,0.776099768873633,0.4701516306322797,0.4693288660587703,0.30460693460339106,0.09239771348592443,-0.4415461966272226,-0.27939105453709795
-0.9648308749937501,-0.6872938039301099,-0.15685870769321256,-1.1801409609295856,-0.22091704910463833,-0.7607275621906048,-0.6476940997210772,-1.3479564406074216,-1.1181570040368563,-1.2593070117047405,0.2687593467304152,-0.3630748635364584,-0.05575004071073444,-0.26514729617689115,-0.9485180126854748,-1.2509166942710859,-0.7927538117049454,-1.0476362323406716
0.2463405684561817,-1.1788451525165784,-0.6875012987531851,-0.17049987563666102,-1.1199502924954485,-0.8400716492686556,0.6461041394516344,-0.22709658274450953,-0.9781574151022071,-0.7707304671813018,-0.6302334569763453,-0.23115323939664098,-0.22035197182052468,-0.10070813050746599,-1.4078988446133804,-1.3368433024689161,-0.5352707564869679,-0.8463882532746457
-0.5366010347889401,0.9647088252824811,0.5540058586760633,1.1821210797883155,0.8308123210472697,1.0206993754626266,1.4620558719297243,1.4886095227407654,0.8235460687629871,1.0919331202472493,1.697421764595109,1.5179878911279345,0.9146112741774698,0.9172087756386328,0.7036219351361661,1.3375262616024242,0.927543151320917,0.644712340405309
-1.264231943483797,-1.0418665699603968,0.7133452005446587,-1.1300335181793033,0.12018928917077741,0.6392602110819487,-1.484272459565994,-1.9214422749078288,-1.4576892343488193,-1.7609640611877255,-0.30310272795981547,-0.5761671787843048,0.004382465118798931,-0.39670440819227754,-1.2275718531339692,-1.3529371001644996,-0.7632718964515186,-0.7097966934419447
-0.2687034975856134,0.7678995750403437,-0.8438506442738408,1.0809492255683293,-1.2825177655421565,-1.2518296643690077,2.1638962986948966,1.0277894764676923,0.62482873184893,0.2958619164624166,1.8943737891152592,0.6436543806758676,1.023242749550503,0.9878686347675624,1.419617901886581,0.3044301597382182,-1.1481823653243695,-1.2783401308226119
-0.8359186748296474,-0.05469386737461346,-0.004352761449543287,-0.10968771667013925,0.31154946200836836,0.00029766184137849244,-0.026988118505354014,-0.36788987220770275,-0.5933497477738271,-0.6749582240132838,0.7228664735497283,-0.05268750427860402,0.1714794391059771,0.19838292745924208,-0.34387503944028985,-0.4191740426068154,-0.7226781466095512,-0.406901147592437
-1.2317815080304244,-0.2285373187015844,2.572256347568689,-0.480155123365993,1.538723419097001,1.143267128265808,-1.5186502361081515,-1.0446482372168588,-0.09254085136153585,-0.5395493105748034,-0.1584042832828034,0.18175506136104516,-0.022524874132750717,-0.10355278302542353,-0.9225593269336831,-0.5904758994995276,0.22440017653101071,0.5922301185160511
1.485907212763246,-1.0881331802165288,-0.5111068751994624,-0.6655219442444424,-0.3799822284752615,-0.005992827795119542,-0.7333944010774139,-0.8650805133500334,-0.6107242275001481,-0.14662933837068753,-1.4087643990458774,-0.21819964250400442,-0.49500917390744736,-0.39873628763691904,-1.5971584452334828,-2.0044653293180827,1.201831586598349,0.9686063187865654
-1.1896114149428154,2.9183270696331873,0.19957575745367237,-1.1343837116259556,-0.464438988256109,-0.31724059461998566,-0.7885392800664403,-0.8668143860117805,-0.19564550160471764,-0.38264298506866207,0.30760140023282134,-0.0255981946068635,0.3464025941402313,0.26407235906056714,0.6854311421598972,0.31097379848546614,-0.5304157290367932,-0.010532435898651951
1.9076725645752064,-0.11113453163463541,-0.7623545638741709,-0.8172480416472532,-0.7679588244695031,-0.5862893465464621,-1.1556364931759904,-0.0454871259357133,1.901034658842542,1.4984793378197236,-1.057225022855624,-0.8802225922023993,-0.6300359458162094,-0.5591033634572085,1.3039656273693006,1.0649993013881298,0.04532525459404459,0.19011939691593158
-0.9407169465571297,1.589587668306652,0.6786303082687513,0.4246107969098209,0.12905992366118987,0.9377002095177059,-0.007878199309523458,0.3107610133970712,0.2338712372038063,0.0786715802016772,0.8888653382427799,0.5052911168436194,0.5846952281795567,0.5033668001186582,0.46493896652831673,0.7287469641960591,0.3778537305449013,0.09897954313656622
1.2895605530566974,0.23676180274095276,-0.9938767522961652,-1.1765910987892376,-1.4828838979239252,-1.4031312872558406,-0.7920682489118356,-0.4739663003218294,2.036242263879485,1.563949859664566,-1.0186731313924933,-1.3505491585986942,-0.33980461471377277,-0.24658188432832193,1.8469547100549135,0.6621490142908986,-1.1320664763791646,-1.0074759218525977
-1.2802865957569118,3.0439125371585036,2.8253143375373404,-0.6383893959758077,1.6613792945782033,1.6461446455440685,-0.8291861989563513,0.9957193517276185,0.38614925794592414,0.9513594405799172,0.13037501669508622,0.7023769110726266,0.31380899473876706,0.7185767286016512,0.00912668008900026,1.0385111322297282,0.9551290525572941,1.2000325428852057
-0.09874009000452168,-0.5303572790826455,-0.3932517638820172,1.2782778297748398,0.29147320684285355,-0.20638790206769433,1.877580806685742,0.7939114522481076,-0.6396199224799984,-0.9076243881228699,0.8073525903809055,0.6698403797151821,0.14245731311884488,0.3221806399301596,-0.10016192512933765,-0.39867001036824623,-0.3848003406238338,-0.42721840958859947
-1.0942701453344332,0.2932825190699874,0.23057508712526809,-0.9617336436096324,-0.2562147516496466,0.1449182034300885,-0.8342057506611237,-1.3167277316987038,-1.161641993656448,-1.2213018259207957,0.11456390393819338,-0.0032611266544887987,0.09958709225977025,-0.13634374521722484,-0.5616695094539382,-0.761651112857102,-0.9584955020107642,-0.7817599333687512
-0.6655421049144261,-1.3503784025676873,0.4745347509293824,0.5993912894598269,1.3342437909024678,0.7340921431011084,0.23566355167246675,0.7110297439934177,0.23160718412528752,-0.20397068665158224,1.129246647905648,-0.11691682460694297,-0.11751118211208916,0.005235815281078555,-1.249005006429058,-0.6363974175825837,0.5937679204574006,0.10426270761505291
-1.1875224973220884,0.657159516977582,0.32637023317488506,-1.5949666523467845,-0.39731208444235083,0.38177431802930395,-1.1502812919422696,-1.77480281249066,-1.1904232053975219,-0.9494131083948325,-0.03622737126968739,-0.5559783732827217,0.02142490574304666,-0.2625852178286594,-0.534101716948283,-0.88258092754399,-0.922627004778504,-0.8060132307962501
-0.7589154387584063,-0.3370715535562075,0.07466658072639017,-0.38317779289933274,0.6201189960740295,-0.19919049498809752,0.272805551697005,-0.10725849066242672,-0.48191078820222627,-0.5081256452592198,0.784133301946765,0.49385299747045214,0.10465931512094784,0.11072184199963993,-0.39167641171851425,-0.9788232773336014,-0.25788242817886486,-0.28143539398397666
-1.102846027249234,-0.49019897654794164,2.198941610018852,1.087557063581323,2.249933984548916,1.9082894655753255,-0.7754323793730438,-0.41450762805978497,-0.4274677883849988,-0.3891420516008774,0.2595793196116337,0.7299554471079422,-0.037865365624385056,-0.04099433011400202,-0.8144383474328435,-0.34472669261030736,0.9312629139260805,0.9516455547418563
-1.2694764451982172,1.9480708153758721,-0.12955375499204885,-1.93965642988158,-0.5215754499244015,-0.6529903277522341,-1.33572800932823,-2.1661110645295367,-1.1936653150941796,-1.4271694766856686,-0.026350999630066384,-0.6578132844183859,0.07630963003506706,-0.11384102904796677,-0.2252966251751464,-0.7352867987821944,-0.9895253390065902,-0.9426483460789906
-0.5647388170221591,-0.5683368601859995,-0.2740917759928034,1.013466438199909,0.2443421675474185,-0.46140276486168086,1.097550508683406,0.10373030953836954,-0.9888883759389999,-0.5096111998490465,1.3189526978507955,0.4710259929066464,0.2418941400251891,0.2574564820543525,-0.43444743902886496,-0.6940107755323928,-0.47517485202283677,-0.5119317242852233
-1.2735738681152948,-0.38098055890485727,4.4488230791777905,1.284166126863643,1.1362416132789173,1.6066426111596803,-1.1977464917713876,0.8339814232649235,-0.24993274407012142,0.16640378475041612,0.1201609572347571,1.1144740355626965,0.09255242786796776,-0.03257187879149274,-0.744033167358915,0.6301156880819764,1.0641842394660523,0.7953644909803722
-1.0483168771127358,2.364251662530239,-0.4781944508154703,-1.3331403346115964,-1.0927112058016435,-1.0268713722664498,-0.24813469631949875,-0.6490765164161959,0.06218258596172186,-0.44950837647090114,0.5159421141035879,-0.2605099176645893,0.4904425761959939,0.3911096770841574,0.6670855386183113,0.12275625799598879,-0.6670303031716479,-0.2779882664555365
0.39825767071514534,-1.0342225520023673,-0.3993247912594831,0.19973831633901246,-0.5699724254650664,0.06916862224330685,0.42401095219800283,-0.046112941990978235,-0.8466431979304198,-0.6632869356434566,-0.8870291995588656,-0.8011678569998045,-0.1359350486535417,-0.08217798460510026,-1.1831106459771616,-0.7699824527865025,0.12669682929408643,0.0016431947763854817
-0.901284297219321,-0.7414756555253522,0.9178537178793317,-0.0702832156983667,0.306833849286437,1.3677512565562877,-0.598314876085605,-0.2686468958322521,0.20040924600055757,-0.5948673580095114,0.5018269445296869,-0.0901522544685684,0.08654493702399024,-0.06769554620329088,-0.7664687308785373,-0.6633331539873415,0.5168856700049961,0.24209324939700624
-0.7949211588036754,-0.12106494869389792,0.8159522855092978,0.8408250614543723,1.4467971443051637,1.2810207670937719,0.17649318987903834,0.29218375289539616,-0.02385801533829601,-0.1464033103061676,0.6091792452304904,0.7580736028257322,0.20203077907525702,0.2401236812881717,-0.22615405552277462,0.15382767328324967,0.9209807936638283,0.6705651603591418
0.7271117640179484,-0.6539229641732217,-0.9178557403182436,-0.8749541223816362,-1.3426461177708215,-1.3544436598556804,-0.04407730725929073,-0.9409019031216703,-0.9305173304301625,-1.1690779066530579,-1.280214840476555,-1.2299656296207735,-0.18703380523105972,-0.07829743691990174,-0.3647841985725231,-0.9408339300058092,-1.0279241787088238,-1.2586296444032017
-1.203846938386235,-1.0999788156118253,1.5053529688862968,-0.9378344178154463,0.9486592398949386,1.1949417524441364,-1.0073087945196209,-1.5281648678053885,-1.1046827501694785,-0.9631202516900991,0.07333984578935866,-0.416397937406531,-0.0737284092758411,-0.38717842340254766,-1.2988130953833752,-0.6071350048728321,-0.56704058712824,-0.083529230674798
-1.2892388445289147,0.03170342471090371,-0.3536867376798059,-2.300892623774651,-1.0790905681959293,-0.3700346296037014,-1.6509781537671013,-2.4828906146109095,-1.9051215110738078,-1.8760341649454393,-0.2794532955710779,-0.8292882424423155,-0.05586915367567489,-0.4867398803566788,-1.0131692174953069,-1.5887786981016123,-1.5302990962512453,-1.4042166192341923
-1.148487140572999,2.8192333441415065,1.0200480652700201,-0.8081905630023534,0.46816371515382127,0.17612719127059076,-0.451112296204043,-0.04825980022195521,0.12627158780553496,0.06829428636344051,0.32369556977773317,0.43091493590739577,0.4157919929957543,0.3285469455984756,0.4565052213701135,0.6091574194669928,1.026920204785051,0.542146571604483
1.9439879536325795,-0.24441093119438462,-0.2622178746153502,-3.444105792119644,-0.7741275745193603,-0.4339544782448829,-1.242664060900245,0.36658178296111027,1.6161106155685907,1.7188601422143517,-1.868880646158339,0.9132776358060916,-0.427058539243116,-0.27083653927671947,1.0805313876219598,2.6582008129653656,2.501294143258394,-1.2441798254726357
-1.1954293328532843,-0.3634786661795557,2.1249587422084213,-0.5174752905841172,0.6818499579085368,2.063723232872462,-0.8003508207468231,-0.615213898581228,-1.0288272984856988,-1.2259654581479051,0.07844195879060326,0.536744496009545,0.08032412430463408,-0.14757839007297524,-1.0631278962592006,-0.27378470610539346,0.48323312716625205,0.82531693828572
-1.2382158507689125,1.7360007435921645,0.6414580562294937,-1.440966222565429,-0.3264175018465087,0.022432073609606366,-1.2860249857074912,-1.8426625246478534,-0.6377996779366264,-1.2504169322248921,-0.04641998352046212,-0.4477539450746482,0.13556291693419964,-0.07004689910903897,-0.20782711820712593,-0.4207272699890664,-0.5421012993843531,-0.610331326960213
-0.7023051592783608,-0.5369586717137494,0.4957757955285557,1.2005671246897625,1.678716193493686,-0.21117388893433345,0.5725836990813423,0.5680657335771648,0.06238739041345616,0.039455994862361704,0.8698582413955881,0.8733642934000805,0.14235021859436334,0.13912930474073923,-0.6130947778814099,-0.12843964033580954,0.1914856452864932,0.5680485995023172
-0.43512405624205497,-1.3595872054466298,-0.41484428982437394,0.831835373379276,0.38064927990856345,-0.5481642530956892,1.8946425973098242,0.5737045000292555,-0.6944740069167568,-0.4801733793553931,1.7975961309264206,0.18721581574369134,-0.13232502263553805,-0.11468838806717249,-1.2256072648332885,-1.3882989091786364,-0.4098491124314506,-0.6560305717968417
0.3087949503028127,0.6587061932510343,-0.21294223101694595,1.3473094835590766,-0.030169952436688945,0.5111535528868368,0.2796255703930528,1.4239413807030674,1.8252297084408087,1.626015397974572,-0.5415401559256606,0.7525499190910308,0.3987734631268413,0.3875471948903479,1.6646434367213752,1.4728239977282815,0.5821854405883004,0.7269949816511545
-0.5860630357255194,-1.4694149675722195,0.053759557394184414,0.9269403649414921,0.5824708903676624,0.5208124364131792,1.168667558365308,0.6307954584724049,-0.414263635618835,0.14926129221344836,1.3009356833909245,0.30896489224695844,-0.19592701787816136,-0.09369204658997612,-1.46311488454965,-1.0271093086857606,0.04837101365859276,-0.01112562671931791
-0.10626355016477,-0.3182872072989376,-0.9023411350231203,0.8039362892061463,-0.785405565505325,-1.2883616328742786,1.717661943005591,0.40594519474109614,-0.9445181701702557,-0.9539998520962264,1.1187849343870924,0.12316153088339124,0.38382633743224287,0.4337883223715491,0.19482807602493263,-0.4671201543875802,-1.3568499675195296,-1.3000749978821635
-0.9946825990884605,0.16719996207332394,0.3050055223034068,-0.7550550726885027,0.14149578301551344,-0.024120784557201843,-0.5747496013586919,-1.3408480021259643,-0.6093682694120073,-0.8296002082597274,0.23807730278151742,-0.18448560770253342,0.1461910909702558,-0.014040958210558754,-0.40276217856909524,-0.538391353340637,-0.6697224019955454,-0.6184315788932842
-0.938917374194361,1.4635015081835947,-0.09180548725368734,-1.0160295905409378,-0.03251142859685093,-0.5994070441767401,-0.24735780143000646,-0.3184234941412355,-0.12269366885157515,-0.2726217241155245,0.6554994161218368,0.15461533699809174,0.4306854944195903,0.346347169667804,0.5652806081194885,0.035703779041805196,-0.5700918079961099,-0.8200525467364495
1.226437901470842,0.3673347951704474,-0.3363460391746716,0.048015692309440604,-0.23135371469470792,0.2564392842363727,-0.88243350176406,0.9234631585139609,2.5327298296658967,2.4581824268484502,-0.8034989919794187,0.20591712801681394,-0.1398611817324536,-0.11416281361219156,2.0244163879746107,2.084676553741185,1.3187149278166925,1.6041095744285292
-1.225668911280108,2.8427508522035323,3.3662330939876823,0.07791688791832692,2.2143416311723048,2.054278469990238,-0.8851117669403712,1.5561247806950085,0.6940402210273222,1.3011949682585262,0.49641445001744433,1.5957479258672522,0.2389964985187684,0.758170904479457,0.6335954234580986,1.1168614352174941,0.8090545377185322,1.3413510692873698
-1.2183454074167885,-0.08475784486799665,-0.9783635788385022,-2.4796047939666326,-1.483602963162065,-1.3863313131501465,-1.4173983793283544,-2.7311409885028612,-2.0089113298641976,-2.1305684215346052,-0.0982803958887848,-0.98319632429205,-0.08648480537861018,-0.44812029747363946,-0.9215178327208121,-1.759767701262867,-1.875998662365363,-1.8949515091184577
-0.3274734223489109,-0.5798294087769011,0.3820535648791133,1.5506441131159943,1.0388509170658045,0.4528191216677139,1.4422217552930647,1.2016760219391438,-0.009419833142980482,0.21957725054034094,0.8919184593163619,1.4868440528778193,0.2512038035281597,0.48257612961579677,-0.3244604583003075,0.40603812685245094,0.6498857105644428,1.0249049538644206
-1.303840516809496,-0.8981767141047535,0.8796507652899637,-1.4780220702041489,-0.1422180951305124,0.6551280335551037,-1.6769556148695186,-2.28843099469098,-1.5310312753628508,-1.4606475142232382,-0.2834714777365313,-0.6529689622686881,-0.05959846867732235,-0.42852919821148444,-1.2017815312736106,-1.5506851076560684,-0.8999296233393701,-0.6936835446768467
-1.1306163194521845,1.2115474806085458,-0.4428380467026483,-1.7096699661196404,-0.2608209036326876,-0.7674068018699762,-0.9388641005520185,-1.9271889709868821,-1.2363423321689677,-1.5099802710844563,0.1406909962679773,-0.7924600995998885,0.1366600130963537,-0.050549649025605436,-0.11773652768279351,-0.9580926054977589,-1.1827253815689673,-1.399778596204801
-1.0407423143760715,2.1618103977324203,-0.8738809049621271,-1.428977680916038,-1.2718960206203649,-1.3612602312282285,-0.26031606686724285,-1.1723112456614664,-0.15555497785336883,-0.486369059851087,0.5629501508105412,-0.776812250143964,0.4209768213937361,0.38443915829877917,0.5265148431357892,-0.2464123671609462,-1.2198635923384116,-1.26561905336127
0.4430121399904442,-1.1538870009454563,-0.9397808417887731,-0.8418547211341986,-1.40760314559519,-1.455812537989356,0.32248042043256353,-0.7798254248742861,-0.9895070723578149,-1.421384248073085,-0.9897216362556038,-1.3342182645067344,-0.22099978009840773,-0.16488757305923812,-1.4276686805340901,-1.7275192129444157,-1.4739103760744041,-1.5401725911329722
-0.9783579584048749,-0.6256574656789307,1.542066977332899,-0.7473704812580476,2.544723102904475,2.404406320830596,-0.23553928760773782,-0.22881344655018326,0.37332151655652324,0.7228162326787441,0.5268936525542848,0.6555304406285644,0.08873890535343847,0.12226358406581768,-0.8646748372110318,-0.32666274781148696,0.9631353419864233,0.6123810437031056
0.8582239481872751,-0.16986280419727548,-0.22253839872565162,-0.11915319299078156,0.08784378432086097,0.38011945365480215,-0.26852595744844765,0.9651221513668552,0.777218103258356,0.903566807728296,-1.115109821644624,0.3420238461877175,-0.11418532272953569,0.1672260844975626,0.6727913065959775,1.2752776409356292,1.3672020209827482,1.390101992545925
-1.2324764082504496,-0.5083502153124942,3.5866510006178367,0.03819817890068628,1.6746709587406614,0.9597301232773734,-1.5724124147760628,0.5248472805279236,-0.2513834983081948,0.9051079217753354,0.2115995304673506,0.4275496949521245,-0.11832900892240192,-0.05420628838056916,-1.0334190448543206,0.40723784981541283,1.2158594551445234,1.0178643614264087
-0.20824179807572862,-0.9433656860448711,0.1680512423128157,1.5387314584699128,0.9379879139845737,0.6264298303008247,1.4614384383746735,1.0895266985908023,-0.7946914452289471,-0.017819235258287623,1.065987275647929,1.1760429766145972,0.05537695467066106,0.1756603381490064,-0.6596189455632034,-0.006426623825487909,0.9034030277102224,0.7034911315742187
-0.8929658526427561,0.8708992755740081,-0.33050795825271684,-0.8267676768546508,-0.1578012271765368,-0.909877931769838,0.05336807111014879,-1.1191482996668765,-0.6243340600537467,-0.6492891307569493,0.4819647979283925,-0.191333402005608,0.34595309789540785,0.3812243754615434,0.20074756829841298,-0.3748255749416511,-1.0128529111867899,-1.0139848832602667
-1.1416479883262873,-0.46971097813702833,-0.7808792876990187,-2.169889216235771,-1.3872709983568818,-1.229564469344582,-1.1864187083226103,-2.2881786291911226,-1.897481817634217,-1.9323740352770469,-0.03815435632237614,-0.8815274907901972,-0.030678034759280475,-0.32559136041696174,-0.9846783910791036,-1.6146373791452935,-1.6365581095574435,-1.6673915344298134
-1.2821920880655124,2.009636334569423,1.4528823190084312,-1.0998648833138958,0.3297837271555725,0.04173807009437247,-0.9762086282449046,-1.185656852754687,-0.6309727192285229,-0.7960972436283902,0.10989415590814276,-0.04310496503348449,0.24267335493095107,0.09693512521465691,-0.3666894614840955,-0.3547541918978199,-0.112200651036273,-0.07359631202917838
-0.7260911878337879,0.5226625240830297,-0.5656760357901746,-0.38026519816899135,-0.4922120918488577,-1.0631938053632912,0.27372538672068425,-0.6441923859680743,-0.44517682614162957,-0.7784737099507709,0.8006971175989648,-0.08371239429421434,0.45179773339177026,0.41628710805991725,0.4344477126434285,-0.30534620001954393,-0.9042354940587,-1.053910387459149
-0.04780765485069992,-1.2923244727336558,-0.05981610453425425,1.3091845024772732,0.6841920633598011,0.3514337226255301,1.3481171995088115,0.5326472064136712,-0.5193817231668919,0.34610596972972474,0.45517477002966744,0.9588366800990606,-0.26810679068309234,-0.08235099023047478,-1.359223828445779,-0.9147954030239879,0.5044658842760252,0.5366379561400333
-1.1749154661439998,0.6777371333664396,1.092617361973705,-1.1764323965416483,0.15039431979461548,0.027523104429537985,-1.0960253741522092,-0.9051171459630468,-1.0816833961205359,-0.9519532627084103,-0.014331290509250763,0.0274487618778004,0.05910203607342416,0.07340981121542257,-0.43724684223463345,-0.41965094167049993,-0.33448090785063184,-0.5707210746581179
0.6652853724505905,0.13891002008706962,-0.4576940345686723,0.3077442731181416,-0.44883621188848016,-0.3467181682122337,-0.08002867454009438,0.5261634435777581,1.0531317541393495,1.0167212863948758,-0.9516999863170795,-0.45781076883713984,0.024197583713931374,0.1002161877120538,1.174604316205509,1.0692117334477562,0.44725070206186773,0.09334730560133085
1.5561557231343104,-0.35158251847701405,-0.13952035851361996,0.43465427134061246,0.6115577106336894,1.5289113139528294,-0.8203934539740755,0.32203307832642863,1.1009114976401437,1.3165361250407766,-0.9881412285988184,1.461917760260825,-0.2055199427036963,-0.11790479720640276,0.6151228846989546,-1.8638882376801191,2.577731964976309,2.569126272082958
-1.055377213936106,0.3959136530633093,1.3304631284767274,0.6079702927700232,1.2993359863217187,1.191454283424587,-0.5938984337807484,-0.2721020780980275,-0.43304529243097406,-0.5963831239425039,0.3162950473626814,0.11807550005937589,0.2359431597407236,-0.09889291526658857,-0.4114913296551243,-0.1481144971444846,0.13855504064363275,0.010815310375002668
0.5720385723785862,0.4322631719531737,-0.8593701428387316,-0.6708772652448464,-1.2276263248229204,-1.291719540619184,-0.1308176203958345,-0.07429070563892122,1.391212052759973,0.9638452964418742,-0.9056465682002723,-1.036826806336104,0.18334044466145202,0.1677673927790076,1.5908423764464672,0.49530139625766517,-1.063790474835838,-0.8988441041359535
0.9875698215828775,-0.5447026568470015,-0.6072109714591563,-0.3239206047891784,-0.738943052086489,-0.5127182258690706,-0.28683601472251113,-0.5786632779413028,-0.23798480032220842,-0.296592430355814,-1.2512241147279566,-0.7793031876989798,-0.3130304267178403,-0.11213716601553711,-0.1229152762959406,-0.11600192201295112,-0.011875987618700554,0.12895471327532476
-0.13154517746298391,0.7145843781494327,-0.10140337177721218,1.3268080296151696,0.1442103476551101,0.503548977835472,1.5162915109409174,1.461468319616142,1.1616684821856873,1.2880072708203762,1.1558975478712554,1.1641582161643174,0.9649088843201455,0.744924929724695,1.4726187652673781,1.4033413751357884,0.2370450773685727,0.21867161264142587
-0.6067761226350512,0.22305308174463426,-0.7504806624967176,-0.16941647321648254,-1.21997601856352,-1.2273117901470294,0.7170437686200846,-0.13837080561135526,-0.5871727141868451,-0.8056709972540466,1.1797868471534079,0.008062643573134923,0.5506854059820631,0.45998273537552126,0.3889497848824462,-0.44193516782075587,-1.1805257116953165,-1.2213163809225578
-0.6805675006450883,1.1544063215802463,0.14313623485302157,0.26841305226213485,0.9837176908398775,-0.3010629495055081,0.6626259095160559,1.7793077494157648,0.6404770336008987,0.4268702687494319,1.1301500248848109,0.6381790710015265,0.819055938275758,0.8281975183663178,0.9906079170653946,0.7439687859964663,-0.04709560984304174,-0.03760243058569195
1.864119005845686,0.01751454795817911,-0.5749199019769575,-0.49597808881024713,-0.42952151224079366,-0.141272392006818,-1.1544835661426531,0.055210722672184326,2.442932087176789,2.142485546607842,-0.9187235064105375,-0.251853192848448,-0.4994845567294432,-0.4558086630421218,-1.104656768214679,1.6990178660133852,-1.6287430509722143,0.9712661499933285
-1.2757183547973883,-0.029931033648243757,1.6805885285358717,-1.1535877030880128,0.7237675507839638,1.7418719250909676,-1.5090019864531936,-1.7450466420529436,-0.7677161672725373,-1.0766988431362738,-0.23341725653254897,-0.31730869642612136,0.05160333338585813,-0.26266362344608174,-0.9070123984069048,-0.8733229363113137,-0.3337682991891512,-0.31297508934191326
-0.8345023717899995,-0.18270002389261839,0.5328853108449139,0.42788732592403034,0.3886494359408955,0.8599263404562824,0.21203922917973136,0.5486457235194149,0.1941560773286837,0.14108925013923704,0.5451125758253867,0.5840680712586184,0.10339297434801169,0.17387660719424117,-0.24188832428140206,-0.0447583351653927,-0.3658603276941516,0.2609028825159749
0.06035400480660466,-0.6674651580670738,-0.6671854713774305,0.6765788937828948,-0.26887911657356683,-0.9306661197897651,1.249519105613137,0.24315267963085335,-1.269527174411732,-1.276608836238039,0.0028646549976220426,-0.12871301605270555,0.1146393196170431,0.17275411604861712,-0.33367818821929773,-0.7267797502518052,-0.5368087464742753,-0.6901786889311742
-1.2435751336608298,-1.161543708174699,-0.1775259052014741,-1.8881850280624464,-0.7685022976086073,-0.7241318227206165,-1.4370462596599014,-2.182853186555828,-1.6427871911497214,-1.9093036073364094,-0.1665295612404545,-0.7956966111936145,-0.0914725288495148,-0.4387718274258075,-1.3377897482643353,-1.8933512149696146,-1.436529838839098,-1.3500610349822104
-0.35515766921643704,0.9658566707121028,-0.4515249767720198,1.1471850455751438,-0.24630015668101335,-0.6489263798166609,1.7956198587511376,1.77346512667623,0.9663260765793789,0.5552415743504795,1.7016418511026328,1.0926497188616968,1.1680957303244366,1.235049359917755,1.7297096071255578,0.8904221517619293,-0.7455269660540459,-0.6369314487082591
-1.181088572536801,1.3075162087041232,2.245945156939676,-0.23086857728587049,1.338337196770194,1.2969452865112079,-0.5243704082119132,0.09474457435990226,0.06453948441730885,-0.5476638159180897,0.2593136786632196,0.10173157668898528,0.39112357302532225,0.14279257888594693,-0.296272083900816,0.2569940890033755,0.26007701843949155,0.6148136881966006
0.17659693931341747,-1.050832573034132,-0.6427076191857541,0.34998929091276054,-0.3434492016222126,-0.8080937202334906,0.8587422229746251,0.14027332982066817,-1.0093097327113043,-0.82844896033894,-0.42151534541972263,-0.8199293711319287,-0.08871998717627799,-0.05505495658811345,-1.0443384717302953,-1.2525580136876002,-0.6427396511607351,-0.6724359520013959
-0.505774812259172,0.7532854363576461,0.01619076978641289,1.244808038767714,0.14960248866963172,0.06372350075750051,1.4524849364729935,1.0608566458868627,0.7748594084129635,0.4785360749394643,1.5871570407117086,0.8847844177266289,0.9547205037960156,0.9687342632654183,0.9405588254263982,1.2050195416354426,0.08606450296783474,-0.0627925064188146
-1.2015420075799443,0.5658614491722618,2.756673905515558,-0.724492901663082,0.7733316414284788,3.1372589366714294,-1.6913189767553662,0.14073115973040343,-0.506565971464675,-0.17159529993771294,0.19281517376320287,0.4390021949830804,0.018513051492295228,-0.014985126981390403,-0.7584989561452808,0.04610270816370306,0.7043753758598205,0.7930519035456692
-0.23898541246728985,-0.06678080453615444,-0.8642901379219005,0.8305332903812792,-1.0320098813548382,-1.0242022648365026,2.014792253433951,0.6775510478612953,-0.65366203163938,-0.8520624198855188,1.9717991177717173,0.4440299350013085,0.5606211980878566,0.5776875650781848,0.5326940161795729,-0.3018532045009837,-1.2223823084997358,-1.3327997436402814
-1.088040219139717,2.2615490828486116,2.0356599400258264,0.00481962982486544,1.6446061138248622,1.7237599037016258,-0.2496267382505898,0.7571098278823966,1.60714279712445,0.5758124800281955,0.8932485883690926,0.610103582425831,0.4985003586805131,0.7138268286515851,0.3864768049350415,0.8750110737258376,0.8453672953763252,0.6108881159674213
-0.9147138166295734,-0.8852545027282629,0.7343456408451515,-0.48067578348554535,0.18879176986472904,0.2538696433808166,-0.27465787274782094,-0.604422769917985,-0.6035359387485363,-0.1694319124156296,0.43345658498057466,-0.0655022420378527,-0.09739967633785203,-0.0378133321665683,-1.021793958541755,-1.1943165581893227,0.5108454418829813,-0.007639690529475743
-1.2863216809028266,-0.23720046823169666,4.630156765064391,0.02574371181815336,2.004611868022886,4.122832153344165,-1.0207788787903667,1.1388189370924373,0.3538013623241599,0.49844611050559784,0.1963883781386705,1.3771186863214788,-0.10791209044440589,0.23124993683609324,-0.9761971474082424,0.11116647062421724,1.6508486186078335,0.8944844009802106
1.3587333017941006,-0.5926270234552241,-0.49010076315446566,-0.3864555712488923,-0.4184913330400918,0.09164567446040699,-0.6443839060939295,-0.34261189018471416,-0.06738882227144712,0.17266036546665062,-1.3468171195511383,-0.4024086941429584,-0.3383544103526265,-0.2603231177616536,-0.06857552467197864,0.19468497035778737,0.9207804690000715,0.8817417263213903
-1.1398634217310442,1.5780776474900713,1.3179278502552636,-0.9871632514298493,1.390587161144594,0.7455532810188914,-1.084204129360481,-0.19362556314205548,-0.21730567100899853,-1.2877423764389528,0.2609057449177601,-0.16342390028632586,0.2610500270812965,0.20318758642236134,0.10170087604441046,-0.33339793142243795,0.05663096845611436,0.29499200152338606
-0.8717670729235097,0.13193133214611172,-0.3942801220572532,-0.9483054627643216,-0.5847214187367309,-0.8884604937891254,-0.16547632392567857,-0.9829770548977911,-1.0105183004071425,-1.2152720910801658,0.4730232470282474,-0.29961465192616754,0.18043627921241093,0.17596085828877409,-0.23439731762197696,-0.9573166180657097,-1.0659580590400803,-0.9303373036659953
-1.1730286943959245,2.4068170101537456,-0.5401865834820824,-1.5502480544499395,-0.9122245088217353,-0.8185257466242326,-0.7618604859863206,-1.188148369634197,-0.6115705170290764,-0.9671233097993268,0.20592315660581673,-0.5706693523347535,0.3411970033159307,0.21149040295416122,0.28447698308733277,-0.5306303726779419,-0.9215734940138719,-0.5003482955138944
-1.20911745612787,0.28682547179448736,0.746529813059466,-1.2243549653834904,0.18980179250063828,1.2886026549229852,-1.4991902569405728,-1.0527403605594885,-1.2767873473933486,-1.2126278049608772,-0.12064881869247365,-0.24938749425789242,0.04403650062054021,-0.24984580589463276,-0.7978516229121052,-0.9844641989922734,-0.6950092312587118,-0.7097688718222259
-0.7447921295112588,1.422842630544402,-0.7918882341383997,-0.4416213654676264,-0.7585156939516746,-1.2971550740982745,0.4747324989537086,-0.09923214303657385,0.07417045379907623,-0.14169265822645669,1.1629595305107001,-0.04296549657207115,0.8087249495844865,0.7849577383981524,1.2899650890861885,0.03262025199343406,-1.333182117207727,-1.4858665431566238
1.1413136818769751,-0.41508999061697566,-0.9598260796871877,-1.018321291671039,-1.4223293075176342,-1.3410818910737448,-0.45684778731174575,-0.9761323854208108,-0.03442809478393079,-0.4352272912118544,-1.3577541196273755,-1.3400044619811062,-0.3027636374048199,-0.26921308355141427,0.23165857339901938,-0.5532426446417159,-1.1648820981836232,-1.0484637243084147
-0.981413726540898,-0.4992223701797148,-0.20423577652317532,-1.2200459364951894,-0.5207566449648477,-0.30009096244998423,-0.6010918706841226,-1.3105545472677809,-1.6888715701272698,-0.9463916267541612,0.2590488464086019,-0.41499939534773383,0.04930565997626622,-0.14196279842427884,-0.8412524580800563,-1.1322242047884878,-1.0889614933302134,-1.0488621599553432
-1.2682199344005354,0.8422086864940698,3.6915528692380697,-0.18979183615784465,1.8496303977029114,2.492645741442981,-0.4353217830153213,-0.973105752455858,-0.1302273969880908,-0.21128590574179898,0.348871583763676,1.0573275061980736,0.14234322878316646,-0.031802851022573936,-1.078955704145202,0.3437399047822701,0.9558166910265481,0.9655906567591898
-0.1984719798193044,0.32505635627716034,0.06976501881285684,1.3734109534948966,0.394683518170486,0.12632721657064516,1.4808132773669056,1.1748721017501165,0.5292714423209505,0.7601589234068007,0.9867788289170781,1.204784165935501,0.9084861095072184,0.7953486617516685,0.9328490430340053,0.9924339101186341,0.4478536685551081,0.19746149408737187
-1.0237928461337011,1.9595802095617763,1.1039113066237043,-0.39007103952945626,1.7580836438466882,1.1021514202698237,-0.0825907454636986,0.7074327770959761,0.498365166303951,0.6026645159228157,0.5739234764419261,1.0759583420068752,0.44587235597230734,0.33736910600069286,0.5506893476438773,0.5477324787590664,0.5968796333178692,0.15078742316257832
-0.5723473524921198,0.49057489666869564,-0.914588551359045,0.03247244529156258,-1.0948856326670808,-1.433047224938848,1.097169927842494,0.08486965971704079,-0.5935464523690237,-0.7017426214732031,1.3911291872323848,0.11309590961950619,0.7319872386904026,0.6793516265086269,0.6975226058887445,-0.273775134400181,-1.447255379172141,-1.4666463304410218
-1.2739272756179438,3.189546671347835,0.5146912650160709,-1.5038025298387343,-0.3817007384846622,0.18784082879507383,-1.0807268766641789,-0.4802038138518245,-0.5750638483352487,-0.796371428466473,0.2569302520922314,-0.06158850983605614,0.32296975452080967,0.16527053708242775,0.259978835450382,0.1828281156800286,-0.32310031700738556,0.040417442207232764
-1.107394446622263,1.0592677371609494,2.019387760651491,-0.23716500708578175,1.1333134233665312,1.2327503159948503,-0.9255037741828224,0.5802991901992786,-0.17504721195252712,0.016976341042472417,0.48031550728681704,0.6296512964298036,0.22626461835768705,0.08165606119830313,-0.6742686641165686,0.0404998504832985,1.3384591700078299,0.33328077606222334
-0.7640718490381512,0.9059974423748126,0.36877768610794326,0.47273494903147756,0.537356479890696,-0.026948809606473178,0.348374735943745,0.7587277449369548,0.5704477499661766,0.18937202257545813,0.9544589909327501,0.6799791738676011,0.5877017319452146,0.5292669979474274,0.9368677043443867,0.8341809876659622,0.023918264012802504,0.2624015341908434
-0.392674951321516,0.08336452222719189,-0.28035676689930034,0.9838154872054539,0.5125398890417507,-0.4083294079453429,1.7936153503487056,0.8445471248344937,-0.2424423031689771,-0.22784294771117386,1.7051383949583254,0.7251436253541861,0.5845399494184894,0.5993452078604206,0.5786167339562085,0.45226120777465556,-0.1413528394303403,-0.3355073297610473
-1.241681849328553,2.3552282688984656,2.388187914688794,-0.24143277608135008,1.7580555114385819,1.0397655232810046,-0.6897689756854873,-0.5420927761392837,0.007972342476730034,0.42521981394365754,0.21605167670271336,0.21127624931438352,0.2513415108449724,0.32893264153938856,-0.14432671545978762,0.9486046547136341,0.7416962768929113,0.30330681635378653
-0.6742679852424608,-0.13008896895634822,0.18758697544736033,0.7709311819300584,0.46702631430715946,0.3960109163499843,0.2918701930673242,0.8381809956645258,-0.614555148273726,-0.4326443804050201,1.0181854601465181,0.42772119391109725,0.2892033950512335,0.3907134710738723,-0.008031041530748946,-0.2669208875198337,0.46512666928438223,-0.11932159995902851
0.3188074184637087,-0.6199769655746011,-0.3182712320430737,0.8145493477534668,-0.0657387489053457,-0.253581090860238,0.6290388356028769,0.4464806564202232,-0.5061451309538889,-0.26223568064051417,-0.8146597014625121,0.2204441709022505,0.05051366483865993,0.17262750024282478,-0.4182107865275715,-0.018126348768424696,0.43933343529567165,0.09370015647781096
-1.089831173557012,-1.1114888364284061,0.40284866856672263,-1.3564150482849342,-0.21655409129433445,0.2941750835483939,-0.8106369514122288,-1.0177663279219529,-0.9784843739430084,-1.0837807983419296,0.1999431014068597,-0.10171005499019843,-0.1297464388194525,-0.3070492923281377,-1.2646026598220002,-1.1996708828238143,-0.9557922688935471,-0.667268811834043
1.7038368104424764,0.008535796866604373,-0.9202451503582322,-1.2124109501091442,-1.2479356084336723,-1.103419429739738,-1.0115566535094782,-0.4114731401167545,1.8678564328644804,1.5118165177523568,-1.0829092893426628,-1.2003187162424571,-0.5898586630866509,-0.5423908455079886,1.538409119223305,0.6902808436979664,-0.473557161177469,-0.6188606547089219
-1.2881062974029296,1.4713453870587865,3.4638039826135096,0.25190089556371265,1.7237097568966269,2.0001670325127088,-1.2895408594152322,-0.6233670372996566,-0.03848078457494533,-0.17063240526241316,0.3423827204978884,1.7839552060428385,0.1358447221779431,-0.15536293623317415,-0.6398899292833887,1.2465654086886577,0.3503397577717477,1.0430560429952924
1.2948215389701152,-0.9832190642173858,-0.23853318391937647,1.3161094753213185,0.32356295592647794,0.7805080342711156,-0.6428199465831198,0.43984829347731386,-0.2258852922310434,0.5277444845562012,-1.2641404316172609,-0.028481150949475113,-0.29122257694997455,-0.31683002506469704,-1.367040180904351,0.03431697489616123,1.5712343194441103,2.2787004811873945
-1.197214011734462,1.510979527718667,0.4921547967526338,-1.3689509424751574,-0.45388952413702227,0.32715014708874807,-1.148428544473657,-1.3180427177015965,-0.7477543127387433,-1.204853384608355,0.08612416496963128,-0.043167630592445654,0.1538627850697952,-0.03547464019356035,-0.3437035985049267,-0.4861296913830358,-0.5302651920515163,-0.8109536411958472
-1.2396953364800973,-1.2868058293750269,1.8078108247790408,-0.634587463413957,0.8600880740616199,0.8933112206945368,-1.403137820174762,-1.3469321828021508,-1.0357823350249573,-1.1797072480824178,-0.06242471682366997,0.03541643811648863,-0.003931428232997446,-0.4147045278749952,-1.3689444916757805,-1.2857485260318813,-0.22636943723914715,0.2468844889539759
-0.8444645483284509,-1.460426200180914,0.6377765588455377,0.9063344339127901,1.0335280597091083,0.7665951948797595,-0.06161396344878589,0.24455446188980687,0.2596945969351817,0.14529757729077536,0.527223577728872,0.1956239640135881,-0.1515600242419059,-0.08270198370084543,-1.5022706840814066,-0.8218750736523024,0.7554188285753144,0.1642089779126226
-0.2600578143672473,-0.31186511916145243,-0.5497844680056072,1.0694378821008301,0.13479465538778979,-0.4634527408291714,1.8452556317518243,0.635128244312474,-0.6973482755552229,-0.641113654825666,2.165226045563192,0.718521667250231,0.43808649951233025,0.479068350003129,0.2622740181769185,-0.30939064129598387,-0.5854509911893895,-0.7801148034517695
-1.112740953870076,2.6786052938946123,2.3501691408811,1.168838234130154,1.9789133607616025,0.6635206296576116,-0.3744405694442866,1.4069396385467021,1.8772300878159192,0.824523356667058,0.5681445812184965,0.8248231650821283,0.4682366495119568,0.8867208552057422,0.539242239728406,1.6557750146134538,1.4703826953312877,1.7331852642601007
-1.2595737396573565,0.17874585260062245,-0.05122354367458845,-1.9800180499580753,-0.7469558151469372,-0.9542016200858708,-1.5306567004378095,-2.154057294117297,-1.667455447443568,-1.625708657392074,-0.19222079294028663,-0.7571849196919522,-0.08055169260720502,-0.45544587672865827,-0.8679559553068052,-1.5008362532848356,-1.1580309906840092,-1.1620354271830515
0.23841551765116553,0.39115559248023896,-0.51530022667283,0.6790587364799118,-0.1475032383169903,-0.4196867214523601,0.5333833084766733,0.8358742590533508,1.1474880724443415,0.8121126886010059,-0.4312396148760648,-0.17602528374089563,0.3541377705510262,0.4268915103313014,1.2039012883620122,0.6351568377490711,-0.370569660118313,-0.2820396254545946
-0.9572164320360128,0.5567393024622033,0.6003029328235423,0.22983834467440578,1.563940147830008,0.07797511254210063,-0.41453119311428105,0.12483467901036066,-0.7837597032050055,-0.35501871602216645,0.39345477987207206,0.3446104211360281,0.30857853168288174,0.22643659751296089,-0.20994971856594632,0.030467230325237283,0.05377374320434848,-0.3589335670582762
-1.2966978182531643,-0.8565582543900211,2.6595389488404058,-1.197574470648559,1.1896625133459653,1.7516810991284737,-1.530941191176768,-0.48225024864526966,-0.6737959193579198,-0.5405744398390921,-0.08946930742654655,0.12716904033099485,-0.12116887690720514,-0.43092675849689,-1.2468038815436586,-1.1331148701833205,-0.03767001918182776,0.8840745762927418
-0.17018488224561948,-1.2427974100485495,-0.7601123759179105,0.7916386788504831,-0.7240978689169265,-0.9789542018588552,2.0311393284583454,0.26630451258064264,-1.2076181494267344,-1.068441262808454,1.665108149625131,-0.044044748361937086,-0.13367587083352897,-0.08947921542278635,-1.103254230019571,-1.5164378421435005,-1.0212876262594675,-1.1057280500539088
1.7838054930916438,-0.3971329535112821,-0.8389198270017117,-0.9185090938626951,-1.081551492371433,-0.9027738599958954,-0.9784438764641369,-0.9310318746774743,0.7207550683876195,0.320679241981849,-1.2569965919790598,-1.117863219749327,-0.577730706492156,-0.5297907979019268,0.5230000893542972,0.19411329789383605,-0.43889846306296937,-0.501085349633863
-1.077981863460252,1.8938457850105288,0.06478635314714917,-1.0093991535775608,-0.2276383053992247,-0.30868686420945374,-0.6294993930446827,-0.630275731589841,-0.22056866571905126,-0.6548182006479696,0.50104713856658,-0.10112574734772724,0.33605668782065373,0.24145961595528712,0.3432490108604605,0.06884984332836948,-0.7424121081720795,-0.5394827662469839
-1.151367490007837,0.7977430372819778,-0.6830663490357162,-1.9336492786347466,-1.0975001839969893,-1.2084770520164507,-1.1185592410493275,-2.0896316148020193,-1.2263225840939453,-1.585044074123096,-0.003062339097053176,-0.759332841029265,0.07688139717882266,-0.24710053657878664,-0.39872058451745956,-1.2860324162832852,-1.4976884201106053,-1.6438753006471212
0.04664072948268909,-0.024864817638554883,-0.16517531316039558,1.3118910384359623,0.3307715435131517,0.22887994745315188,1.2692406907965417,1.08318760338742,0.35489117953648364,0.6768412341859964,0.48891743144729366,0.906730399620593,0.3353987833980671,0.5931705153410125,0.5941757107542369,0.7577062042034522,0.6435537696369233,0.6755244188823464
-0.7427415388228439,-0.8484218222129626,-0.4318753778060396,-0.5653013591568957,-0.236831098080887,-0.9190255441692045,0.22284522028232115,-0.7963867593921017,-1.4336231637007055,-1.2585240752254758,0.8894990375227758,-0.2232209815508487,-0.05246880465988485,-0.0905483373955473,-0.8694529091956543,-1.2286697006579814,-0.9563411938357463,-0.9109179247193965
-1.3057336639034083,2.134855805719284,-0.2862464982298376,-1.9821344971465122,-1.2658566005686784,-0.9096694940675578,-1.5166394249041997,-2.1189807932901124,-1.1291135306304072,-1.527894322170053,-0.010499548026990189,-0.8387250109799459,0.042106800308271505,-0.15899353775198577,-0.3325834178266191,-0.9463018289189806,-1.1717068719896606,-1.2717495456942793
0.603344714349603,-1.1192427105770328,-0.5835231390615706,-0.4592078910329714,-0.7696701494602084,-0.4831154062115999,0.0928492870052738,-0.6396103481647278,-0.9713686884500694,-0.7553774195330875,-1.1486471741247866,-0.991419633386403,-0.3097710682139159,-0.16865339477976682,-1.3455664270903405,-1.0569181347171277,-0.37110515392093224,-0.4175332134519453
1.0118616857970482,-0.1429080555264697,-0.8065270970598271,-0.8531115047402671,-1.2201862662873477,-1.001875697699564,-0.42832209314658937,-0.48294591762544253,0.525778451144824,0.4415185329481275,-1.2400768150137333,-1.1943440156078922,-0.21434382746841696,-0.12153232923000737,0.7576942770058178,0.12709196721230087,-0.5228079866792322,-0.47727478724327016
0.4840043972918163,-0.7633262525527376,-0.724882647716327,-0.3645961246650644,-0.9271189422187128,-0.9325549640045458,0.3285408746739292,-0.5655378247652688,-1.186945179953911,-1.032949881715616,-0.9924462617149662,-0.9462358723040507,-0.09792632071671087,-0.04930716032744431,-0.6466161855223987,-0.9226676020658522,-0.6542119178557779,-0.8788120742523962
-1.0389512476728417,-1.056023008784472,1.2249189069888384,0.10828651258744676,1.3073191119326402,0.8187852047331263,-0.797197212069089,-0.6815430166793035,-1.0394471292738383,-0.5017675380561736,0.413070633359695,-0.06816478108366104,0.033251090263631745,-0.12911386937369734,-1.1372196399339478,-0.7784848620491736,-0.09195645506846915,0.2193547653474536
-1.0580128081052,-0.2169472262337823,-0.633093657768803,-1.8678603507896674,-0.7561722472787669,-1.276377819813455,-0.8972519125979584,-1.9809580184304676,-1.7277761812771542,-1.8778435241896145,0.09665224376389704,-0.7283619347939297,-0.014542604923510283,-0.24325106279170505,-0.7756571923923261,-1.4161572475823994,-1.178350303137637,-1.4893808122015584
-0.06912620623342187,-0.7171425925325,0.033110800006225724,1.3745065361087405,0.7201588261562836,0.8686214956295667,1.5418429023314166,1.1906509994916457,-0.4792165002998846,0.1297171366563148,0.7624973604377381,1.4289604982252735,0.1360394106393164,0.2285405286161998,-0.4664175071557222,0.06260035874417902,0.7163674742516378,0.6849142883213005
-0.6494702853695464,-1.208669502522558,-0.8774521230589658,-0.3158573920907443,-1.2887765106445113,-1.365825403940433,0.9939688413073983,-0.5415363895919567,-1.4392501314372046,-1.5755902070774441,1.2705142459998822,-0.423040672491708,-0.10695791713439083,-0.1443275254289201,-1.1462210229762395,-1.7669773728558291,-1.5388537579205286,-1.7232859838007915
-0.5313750883251972,0.8205702088464697,-0.8609277943275931,0.3890101224542546,-1.0166617294838973,-1.3716153720246465,1.3963211177154466,0.5044123902472758,0.26504354371096767,-0.13054511019099863,1.5640995539151057,0.3229867020394325,0.8452087213183714,0.8830752580687139,1.1232766961227976,0.0925861314034206,-1.4543351583252384,-1.4384807717264874
-1.2812071501575995,0.5099656892415887,3.8617867843158993,0.42008518528742644,1.6117754388366612,2.2702533003279957,-1.258074494611979,-0.923792198621672,-0.6024862070267407,0.26363571316418793,-0.18635000028394944,0.7202628020318731,0.10796902743914479,-0.3086697889833098,-0.6513236346598074,-0.021112118350511185,2.333636281268543,1.0841748112327303
-0.15952300838249645,0.0005233935036624074,0.020467265141823964,1.3996438070479151,0.885315512618277,0.5209991001123303,1.1538164483908322,1.2368706124779618,0.14968578785454148,0.24928845062474145,1.1784082302161805,1.173797341061331,0.6876266160974798,0.4795342534701505,0.46806698175631434,0.5568496828614931,0.3365811864244643,0.7361545323104262
-0.9400134283916309,-0.828898169249846,-0.6457247648401021,-1.275444501813368,-1.1489616472009279,-1.2844315454220847,-0.47939603166496264,-1.7285550337544546,-1.6885049269247272,-1.8058240550767763,0.33645920674756535,-0.5966893156659407,-0.07443130611714596,-0.2100772260496767,-1.0221646891359915,-1.5843387041563597,-1.3852874573488152,-1.436961591876332
-0.9198284097558753,0.9958374434008791,1.2122757891644738,0.5899554873966787,1.2307713894011911,1.5167301496252317,0.07764897617648021,1.3962829082178243,-0.144758445771877,-0.08101758547739368,0.8161882905865929,1.1389650095815091,0.2744839681406335,0.304051054653119,-0.017932265092272987,0.6395383214966209,0.9617478422705203,0.7146404122973454
0.39279551831195003,-0.11760498782751727,-0.7375346484934799,0.2843795807366146,-1.0277958023329345,-0.9968549980753435,0.4015812833189854,-0.18894446106312118,0.014028797096259921,0.09859420395624695,-0.7256266620037718,-0.7803357416510844,0.17085952783782496,0.2025022547535627,0.5732543398923061,-0.043968863869101295,-0.7312882943356652,-0.7478201219708376
-0.7579901433960393,1.0983313256936849,-0.9910871784393407,-0.7516801802812589,-1.3479530207469732,-1.622133737919134,0.4732725851675797,-0.5998381138681192,-0.09961961052351719,-0.44678013678274386,0.9974086125786777,-0.3088331189515404,0.7220422450944263,0.7040041587713751,0.8005800961952627,-0.38494686943378836,-1.6308365887148513,-1.686550669680618
-1.1866036396866333,2.7316504129636487,-0.3025426504556331,-1.5603251243169516,-0.8236928847088456,-0.9546135350507614,-0.6328749527764356,-1.2643022337273824,-0.4523762649254423,-0.6532838410479771,0.3249327829129905,0.021860608841128563,0.4565132396500504,0.24628253017194426,0.4785929726889611,-0.0015256843018172752,-0.9707468913259244,-0.31699484223665125
-0.8600063190004318,-0.19805027248559845,-0.4483921720140773,-0.7196367254286385,-0.9513638203761264,-1.064456806003183,-0.2961925513497198,-1.4751568752434305,-1.4524036528816295,-1.1743183448456187,0.534234603625492,-0.41972405123884154,0.060160939739221576,0.03187032881699588,-0.4338489792679128,-0.949465454644836,-1.1411605691086926,-1.0796311720941036
0.1396118239187245,-0.6936843157561265,-0.18167606522834318,1.321745468298442,0.29651410889770435,0.8018630737924032,0.8391081514782147,0.7259396552616971,-0.212490823715779,-0.047271886954018884,-0.25273677773517206,0.7077856650916953,0.15853592976046266,0.1674970114892192,-0.4291105780182338,-0.15118232792543368,0.16462834520790962,0.4536222575963773
-1.2685620041428527,-1.1877822914147451,-0.670428597126494,-2.4841899038876996,-1.2097543494368033,-1.3300669768391895,-1.4547890433489803,-2.538309735058952,-1.86290277743828,-1.9897701327725061,-0.27414652926324157,-1.0096651969183519,-0.14606130563578562,-0.5136956925546602,-1.3155099848038403,-2.013902932065653,-1.7269005480176849,-1.7545697158624631
-1.102131380300004,1.250658551101736,1.5710696583206853,-0.28394798402737487,-0.4303380458488257,0.7819180419293662,-0.8584018751495481,0.17357675778135692,-0.2422479655787228,-0.5115984503026972,0.33978481962724677,0.5298361988012414,0.2097005532057722,0.2103319226896569,-0.21626161512973868,0.029936265508627262,0.06058623239965519,0.2906704902205034
-1.274301440423208,1.1416694411220902,3.1494015648597102,-0.3164681457835718,2.3753058123285675,1.2064785107582343,-1.6191833409532113,-1.2391788151036234,-0.685117273325104,-0.38577834765486685,-0.012890332512919005,0.534784527842866,-0.005423231715754805,-0.08033831460482976,-0.4594149459269819,0.5598080683885414,2.103793607111808,1.0040544469900332
0.4946143701007671,0.49862679734651,0.010533072581795023,1.9834636715262193,0.5173225778051855,0.5078187853839053,0.2084212606530628,1.3558098164137515,1.7012621905550842,2.2705139618397103,-0.5410106588654181,0.48466248402726614,0.03129943537335031,0.13364928942097312,1.4589516897436259,2.1135862186982877,1.8167991506393206,1.751020225064831
-0.5638135216597923,1.4933809527336463,0.2923926607337264,1.122579231867763,-0.2700931150766725,0.022143787579250587,1.12431574754455,1.9676399245035818,1.181168636330723,1.1936532182580253,1.461215237826376,1.2139563235334272,1.121566902730614,1.192260892200024,1.4418350405292546,1.4400622109027437,0.1468113742103741,0.3177280759358723
-0.05197470440433403,0.6885074460418962,-0.7474617374715451,1.0263450796975744,-0.3003997875315851,-1.0480003378057943,1.284040199963945,1.1563047312978767,0.8280714078031443,0.6757782170638117,0.5481953314763283,0.05981866445592812,0.712916284831947,0.7575595264167738,1.4745167150953644,0.4359483259701705,-0.9217613978067232,-1.1395495071786037
-1.1792349157822444,-0.19054416223207504,2.643038196772458,0.9188615484369712,1.5543066564303347,1.0198782644528028,-1.0611950801458974,-1.0024391145336828,-0.29153044052475846,-0.5534003347056434,0.07098806962713573,1.9246869863405927,0.2122302991214415,-0.0282170629678996,-0.7263454141691357,-0.4568696360590417,0.6105522352072527,0.7549526034962784
-1.0474024360573713,-1.4388930111737404,0.612941143476805,-1.3305117737300036,0.3637565677547457,0.15141239267507522,-0.832011497329832,-0.7556190976972403,-0.7237962944969479,-1.1615976589260992,0.17737480159611937,-0.4554860074520912,-0.09995453422199414,-0.2757376743595054,-1.4757505017773478,-1.3640311812685433,-0.6468006124403353,-0.2303784414875032
0.35670873717912716,-0.2877696373151989,-0.5318014652874875,0.1580462963462089,-0.45007986717532755,-0.4961595238192711,0.4711553524942976,0.008824716748425061,-0.017161616249675504,-0.10581327271042999,-0.7195602502410308,0.04425691615064135,0.05272150779262269,0.2139777504488368,0.2069248561835638,0.29325321504256907,-0.3144441524258269,-0.33136222153022415
-1.1669475876121298,-0.40256592470701236,-0.06385416419917779,-1.7723290855672855,-0.7370509682764267,-0.3041100079995704,-1.2637242356539442,-2.1268497158085147,-1.627178763547901,-1.4502314094834738,-0.22825777993947063,-0.6369130779286423,-0.06751901259613428,-0.34623949998168674,-0.9036119969558688,-1.331155486348457,-1.266381026532742,-1.1620596160992958
-0.3774631266299794,0.41590785181393075,-0.5624275719286373,0.9136203121302037,-0.6834526054778776,-0.9236304034419839,1.973684844704339,0.9862885305163953,0.2339787983096416,-0.0011884466802195804,1.748034696328855,0.73516463288332,0.8705545764358779,0.8633819713199175,0.9903520013984868,0.41699042932797414,-0.9844617324185523,-0.8252773372881199
-0.7516914763760281,0.57891924286598,0.654300484438208,0.8051981413154558,1.0978810096535379,0.9916068887819752,0.5217100230969508,0.8228321018801122,0.1896201389528129,-0.07036572273546333,0.9780369132030643,0.9405775988340115,0.5581489053043861,0.3925441685292978,0.3680215966599868,0.476880013615311,0.7207395916267494,0.41885805846237933
-1.147579411721275,0.734415574595147,1.7951673038159737,-0.38962459941675515,1.2929551296202992,1.2150995041319776,-0.9001302417662221,-0.5648312425835622,-0.5626940518720381,-0.07023729225446193,0.22277556653601316,0.13116950163593447,-0.1451634374924067,-0.27663074533360743,-0.35716122469305145,0.00595888940650854,-0.08444545168757198,0.13475652465070703
1.5831927725896564,-0.3768780225478708,-0.7052420220618097,-0.7594108575635629,-0.8003399706302294,-0.5270393088889193,-0.818145223558513,-0.5075381376860292,0.5519577248675374,0.6217062437759187,-1.3408602971007535,-0.8795729202094936,-0.41613798452265516,-0.4313253243586147,0.443655084759275,0.36216530523919255,0.11940403773088962,0.1598281818902564
-1.2885306602590263,3.5217731510073125,0.5084438453964658,-1.4560210660447008,-0.04500363585191101,-0.2592481061558108,-0.9253573953344829,-0.4932000584026416,-0.5186808618754466,-0.6406321031477257,0.22422651487027007,0.6041894556199495,0.37071720388351015,0.34886407503874006,0.4519741281641137,0.07411419578020688,-0.7388351464408289,-0.03423511730767286
-0.9707913773267217,0.8863892628080042,0.4154850720464917,0.05988400024694532,0.420509121656159,0.13790428643863692,-0.036197581366815765,-0.27847517678841904,0.3115124609912245,-0.32909864273770734,0.4853323948347715,0.6516739221540372,0.3704046881138003,0.10305977143317545,0.13867086073831333,0.03153867370763277,-0.3706738285405956,-0.4183212450533711
0.22766883047884412,0.06632740832894425,-0.3347742222258866,1.1200593841424018,0.06601086426012182,-0.46778020948093546,0.6445660643583954,1.2493148535540703,0.44686947097976193,0.5486160471239565,-0.39328862464392544,0.30676450388947757,0.3402801461152355,0.43359561858972306,0.6978397620189751,0.924571074744995,0.28013701849525446,0.11500079505821573
-0.5551706986137024,-0.7527076726211028,0.17107150186610662,1.1332406582846117,0.42540191443727793,0.4180698695273628,1.1854029962086325,0.5122251139547712,-0.27813957666762174,0.0310134307419605,1.1973776885984395,0.43580011204174485,0.16319070976631392,0.19944605738297783,-0.6137473496750776,-0.37708353471931344,0.17238807148228383,0.3107569639379445
-0.3008528663770863,-0.636387517333377,-0.29300162239048594,0.9646330819516717,0.06893984600136083,0.2473784777107598,1.8600717750990443,0.7288600501507332,-0.7714008809112024,-0.5874478841497061,1.6849018933837854,0.4546223278809776,0.3378759824770761,0.3021267085684815,-0.20566819866766364,-0.22168031277440756,-0.12973071001690023,-0.3561931168000519
-0.8807289876430416,-1.1304604277649075,0.3852998045271198,-0.040168007156277906,0.28299283045835405,0.16518379189910196,-0.33351154478144834,-0.029518089853395678,-0.4480995310131492,-0.5025614901021148,0.639155923308419,-0.08365074117843854,-0.1271600436200331,-0.1476747315406789,-1.2154636635440519,-0.9223653105532114,-0.207434021821696,-0.16317863941001198
-1.2246847780880588,-0.9545744052078654,2.00674243251493,0.6683662449010602,1.622649378906255,1.3321488572102118,-1.530918928751831,-0.8656498943890546,-0.5004905200785918,-0.547344048722018,0.044858052786863514,-0.3043199967941832,0.048636053038588895,-0.30432522018061536,-1.316229857781639,-1.063612890046654,0.02475240888837757,0.11479202462627738
-1.155813713585195,1.186132270496135,0.5309785064864088,-1.2319860023065412,-0.061383113235624495,-0.22778065469741807,-0.7873209472275811,-1.4151447531550245,-1.0786653672135365,-1.343113239404956,0.08117273429462055,0.012939672830451238,0.19600820371300143,0.056215662519556175,-0.3610492101671145,-0.4876633873834662,-0.8594826489859074,-0.6387070629479987
1.9151908720586823,-1.0021053554529529,-0.37267206832418553,-0.30154852198777526,-0.9007006341144095,0.9017363080814467,-1.0537741597791717,-0.9743672779503544,-0.3491405988128315,0.389131850792345,-1.6238743556791713,-0.14273372855046937,-0.5307593186982856,-0.4194839140545202,-1.6115277684606935,0.21548581780919138,2.47359397988736,-1.414752462979734
-0.6636839629605966,-1.5357773592864101,-0.8980659741958278,-0.3885836950697211,-1.3844926193411589,-1.4518338921889862,0.9628625240374062,-0.5969168050707057,-1.1343503800899926,-1.3491105750312156,1.2463041461055107,-0.5893275289181292,-0.2676483159807355,-0.2528141791865404,-1.6204248382420179,-2.038116574293183,-1.6212729661658327,-1.8310400392758064
-0.0796429817167304,-0.3845888158374397,0.057119676774961055,1.7115505960761748,0.9919164772373854,0.773382456516886,1.4880167929940133,1.4284613159150044,-0.08897276031067207,0.40353760691634616,0.6989472165969458,1.260342523811457,0.19857532950765241,0.4144822254591831,-0.011315875120571747,0.41972254651183505,0.4691528303128605,0.3807284084122064
-1.0726161927462827,0.11048266974263019,-0.21686507642098082,-1.5314758578561904,-0.7794087136880348,-0.30632071929313787,-0.8931688066362686,-1.715341728374927,-1.5159400651798505,-1.5558704232952643,0.18013541961474236,-0.6372835600909105,0.05945481773312602,-0.11786129903560384,-0.6088139049166842,-1.1428833814282018,-1.0061791215779508,-1.2653752840642662
-0.9641147808035865,1.4475089631464824,-0.7525044882896049,-1.4506227146349098,-1.0675070224388417,-1.3094500641800055,-0.23086175428017222,-0.9164841346197058,-0.38235611090935506,-0.7249848164889969,0.41597658670732857,-0.48538007884621903,0.3649873528594747,0.3189745721822682,0.5700354899128085,-0.4344248485743369,-1.4707721614035942,-1.3556725677961816
-1.3052318487049308,2.858240212806851,4.185159337077529,-0.146893503438832,1.5659501455689617,4.419212413816144,-0.17570628698291596,1.2493940848923568,0.8773946825548414,1.0051577942816552,0.42476328540607644,1.786244112527593,0.4700309225922549,0.49581362635243453,0.18470117366045113,1.5948792376005554,1.7526993912855686,1.1129288070100798
-1.000203542535532,-1.3808653704548386,1.6566177831278526,0.30180514908684974,1.9038951223527596,1.887480755616951,-0.3420472048857747,0.22183980031658504,-0.2950174119495947,-0.42340624678371663,0.4871751946198381,0.44132873292000435,-0.060076477950096595,0.035877103156538574,-1.2870264730499454,-0.8198297135929754,0.9011403746731158,0.932635426338756
1.0240424889249058,0.18932446524437685,-0.9763344079824742,-1.0252713002325298,-1.4933420736585892,-1.3942154916645886,-0.5376898503038886,-0.42049447925196387,1.4676068339394985,1.1417702724651733,-1.0933709931427558,-1.2741756950378988,-0.17884564824776691,-0.12042861078076875,1.4938372865094547,0.37354594133584546,-1.256019679565033,-1.1524571521839235
-1.1163699354636551,-0.34830824100872404,0.7591822725806592,-0.9201223509034416,0.14627774405442553,0.43365836236487626,-0.8653289699938249,-1.6098701757866682,-0.9837121663595114,-1.2606264443544328,0.029435950116727033,-0.23591738958311673,0.058199614482260055,-0.33195469616532536,-0.8055021527180068,-0.5818879040178422,-0.0776688575328949,-0.4017883354895188
-1.2633049264037675,1.8026432196368558,-0.556480928534384,-1.9722017040293731,-1.1403099167932764,-0.980220366292151,-1.315772075075955,-2.0566248591697347,-1.400020841763271,-1.5795510754896809,-0.010581216291281673,-0.587547661138403,0.09701106578098152,-0.15585905941912023,-0.24867401487563526,-1.0940745296142764,-1.3611138538800023,-1.3055365685984721
-0.7796255968764796,-0.5213276729951741,-0.41079510909179706,-0.4719634356555474,0.5630672246247544,-0.9186520131142552,0.16679060929196776,-0.8995561090515072,-1.3128857737838842,-0.8893186828896689,0.7326340310157974,-0.16850529054664898,0.12352982667950374,0.09535125575455879,-0.6819046796351672,-0.9707345121292646,-0.9601103080416562,-0.9537462030734437
-0.4081907714664106,-1.3439355279157068,0.4989099348146167,1.3552938413169546,1.0096183833367,0.4943166877831449,1.6475058195721868,1.3765818133296004,-0.04450930767028358,0.18066094657069637,1.0333649976081831,1.0501173784567202,-0.10209457038498472,0.22031341861647774,-1.296490545492192,-0.19502435573341953,0.7610503739354693,1.151271065496431
-1.238659320948198,2.512758878792335,3.254262563556317,0.03778803147057707,2.6467413267145523,2.4535405228683382,-0.4565891636461902,0.5708740599419229,-0.016229102363675946,0.8214479225476611,0.5500891194336861,2.0383899151276488,0.41940996564784616,0.4327672683822631,0.22140222181507682,0.9847998231869951,0.48959546733054926,0.5182768889147686
-0.897513882134068,1.1309431198783941,0.17480638037479856,-0.05482886419594466,0.309732678899202,0.09047263111592978,-0.14333128636568357,0.01805573440277385,-0.02850380092180908,-0.27643141029289525,0.771632206998081,0.7451906530051244,0.44229739024570613,0.46022980953759546,0.41232910824366586,0.17275729589052388,-0.03930842304246186,-0.4859042731944973
1.241245646512729,0.040261510795989004,-0.506381331984212,-0.2841571317622434,-0.5164428990234802,-0.059860399675954294,-0.6744841153866676,0.2704857722478564,1.5745471927287427,1.8091379175528233,-1.0957774447897115,-0.48457310325746733,-0.2156701039597136,-0.16340148303475432,1.2632078141578396,1.5751625887846616,0.48335761382993386,0.7274099793891332
1.6568403622224472,-0.9520592761183494,-0.7289313836061978,-0.8869279022306165,-0.8155327246617238,-0.5404625667107631,-0.8303165759361867,-1.042944624073178,-0.9886883187324788,-0.913208656368824,-1.4350671048145818,-1.0357952361353735,-0.6075413479398862,-0.5022330659746731,-1.1084279441242422,-0.9354516516535202,-0.1466675066583369,0.05744223105051107
-1.0313910419405257,-0.15988781313554468,0.7180708410692508,-0.7681812045335475,0.6447802552289719,0.025490187651649013,-0.587982614538065,-0.980439404394828,0.06413238282747379,-0.9210240352738369,0.3569229740352547,0.06652831378733569,0.032740981936911884,-0.22637622228223309,-0.6537912001290815,-0.5667789315059489,-0.3390039535092936,-0.3731703864914857
-0.14706179608563502,-0.6504988632264544,-0.8805773654909042,0.6587650508886128,-0.966292742215836,-1.2602540908630808,2.0502605997351275,0.3947455947611246,-1.255926167352419,-1.5085564701115513,1.5657479580449847,0.23255001577441273,0.18202741107009263,0.24020714174838445,-0.33095408549753624,-0.7867127793896793,-1.3208374795387388,-1.4403892562090261
-0.4462508687313305,-1.0273693615411756,-0.4352301590743427,0.86607347750437,0.22392674776781557,-0.8999216922803435,1.7088416481057689,0.44021130590873125,-0.7282705369372072,-1.193506495140024,1.725995930187579,0.22203958068568527,-0.04481070618033157,0.10184702834246824,-0.9175085568523662,-1.1664976626932182,-0.45592603090609146,-0.7468614154907925
-1.297758611547945,3.2311204004024305,2.233309156598609,-0.1659183149076855,2.455815671653097,1.1708145681125048,-1.0966586789086137,-0.11103838586367544,-0.24242934956341303,-0.13730582880854017,0.2978543486922301,0.34397172938144904,0.3106902098825851,0.24963595534146435,0.4447323491651973,0.6932142904776366,2.558882601887927,0.6798048642385375
-1.1244322090378014,0.7721674292984118,-0.16124357090223784,-1.693390729446264,-0.741220711558204,0.06422996182081098,-1.046813296729795,-1.6943002518102515,-0.8971102870136576,-1.235678021680231,0.09096548600960927,-0.6972790614756488,0.050684195409461334,-0.16052385709620098,-0.34453426356680783,-0.8092757873302256,-1.1448876185263546,-1.1879557679591886
-0.030681704309820704,-0.05046110443446871,-0.6800425307407761,1.055779555775878,-0.47454329989695926,-0.8909884004594435,1.3949507418017675,0.4776411079413658,-0.3310706511286808,-0.5156067004771349,0.6667434074600057,0.5970996902004663,0.33750543699711716,0.5091333517511367,0.5035112791368016,-0.10423270968423959,-0.8407879814383277,-0.7578554247250741
-0.7155063670741673,-0.864352330813032,0.5200122093414783,1.0606010243876678,1.5925308182479552,0.889953235166157,0.7526962129605148,0.5201495036532571,-0.2156188638824722,0.021990154020110873,0.9444649519459698,0.5335102729628112,0.010446612270945052,0.009512130608028104,-1.051878059046583,-0.43592417773672093,0.3389593229059626,0.6048762655741241
-1.226062195884776,2.0685529439194275,0.37438688850692514,-1.4244345096822082,-0.44931416038335137,-0.4706436110214373,-1.107620884660041,-1.0155940142494735,-0.6845512681966149,-0.8735521558484626,0.10694094335612417,-0.37100276152454953,0.10428614714404577,-0.01331657021029075,-0.05013916536962057,-0.49351503450684536,-0.7333281116444936,-0.3850959877849498
-1.1577004853332702,-0.688005108077569,1.6968828735881736,-0.15774492204653978,0.8005862051454382,1.2782371184108974,-0.6356468498767266,-1.0052880823651769,-0.19813991687816057,-1.0980894063352344,-0.01188092853334144,0.09252585913592622,-0.02491395989015247,-0.3845766276440349,-0.9280651464261479,-0.9280069739988849,1.126276981826406,0.5150790768274047
-0.5147375254564602,-0.44817269775560253,-0.7633532774534434,0.19640955004752256,-0.26848460262320456,-1.1125321584235324,1.4167304577792275,-0.3678179192090839,-1.3630320887639673,-1.4328163911165779,1.532010814281604,-0.004290250101861184,0.2368116763604092,0.28997797229383726,-0.1467290627360604,-0.8805371800780001,-1.1485837730418984,-1.3664369472429527
-0.24801160464621994,-1.2682138734223147,-0.08510901282357576,1.2321230409242183,0.9611138188282509,-0.00923829184212816,2.09280093787415,0.9916535737253701,-0.8106134374203643,-0.08000040482852097,1.4912445549711675,0.4764996880766246,-0.11699938617149509,-0.01416480205474319,-1.2253870718225537,-0.794357035141306,0.1944066064227043,0.5423322846477565
-0.9627309751848174,-0.2931203436523376,1.3467579600757391,0.37114489863490846,1.3849480161696444,0.7278426216881334,-0.7303541660555198,-0.10539985116414292,0.44008524085750816,0.18728700787922323,0.5585529497316009,0.59688621096313,0.15499173447560685,-0.19637607122796047,-0.8014961134357831,-0.37487073647479935,0.19718555443074062,0.4423975063552715
-0.9983103829654046,1.8372889297154074,-0.9090962591837686,-1.307343371166623,-1.1898612317027832,-1.542649214677419,-0.2790342565682219,-1.0912442639157718,-0.28207165676794,-0.6880140446354598,0.6176487251333849,-0.5094707395639952,0.4701887868637584,0.36404799063696675,0.6524161012366805,-0.4932288707614072,-1.4363215292836253,-1.475787960363492
1.4656749810110834,0.2914116691232307,-0.15580049640199467,0.48495238451924044,0.3759088626715889,0.939978081592968,-1.0292805998673267,1.1808893930137068,2.5510870665406036,2.7370175985951826,-0.8020706656143921,0.8504347108668653,-0.24953605786527877,-0.05183627052410844,1.9637805071678172,2.5599135889504767,2.027834144337279,2.049580143412488
0.7834054221151112,-0.527023882926403,-0.47399015899179864,-0.16443340071515988,-0.4828428857587815,-0.3677211043887455,-0.13087818168060916,-0.14950778286184493,-0.3129689127055936,-0.1261743224681409,-1.1811126010969764,-0.6796658869418869,-0.16015480754344621,-0.04383114208989378,-0.1261990110757075,-0.04081044809057384,0.15971390222976567,0.26028679254083276
0.07099032738151936,0.739321520018037,-0.04695194158894484,1.371075224272997,0.6133697955301863,0.8372583775500063,0.5514086728461992,1.8218812434927274,1.6334897333121914,1.653968469030931,0.16802439351898923,1.3847752080118276,0.5670544405870576,0.8849184858710182,1.5313958283301923,1.2924822845546775,1.056911933914589,0.7574597455208965
-0.781513953103853,1.7124655968556861,0.75555765945775,1.3003255123532065,0.9081310554573283,0.9865249058464637,0.45956616036895775,1.2513641281331211,0.8937603263629272,0.6807182697758623,1.378249462921978,1.4016085319230496,0.8440135091811638,0.8831996942996077,1.090032754577744,1.5848410146371041,0.7286185115729423,1.0524106772125468
-0.8173249194338257,-1.4035892213908745,-0.5527958307047754,-0.8096099873350586,-0.7181688367252598,-1.1540924784694646,0.18433928469777644,-0.6847489096126349,-1.1094608584507695,-1.3548260476503442,0.7651846844298617,-0.42156769172422875,-0.17004310769946968,-0.2510997419405535,-1.3869839787246516,-1.792042899032877,-1.1976562075368262,-1.3428469910634633
-1.1900632629004368,2.693936116936599,1.4655111879648657,0.29958298679976403,0.480480605056776,1.2120229142722299,-0.7105801633962483,1.3029958502845989,0.39629672635423624,-0.07484080527458425,0.3707231204835237,0.0032139397725436426,0.5482017485721061,0.3350859775252786,0.2412812417316538,0.7221129064509668,0.5634627131052987,0.38167107838159753
-1.232951985968897,0.24522793077415864,-0.7971545184162914,-2.3997739026235587,-1.3974769430141503,-1.3632579427093277,-1.5205943910160784,-2.5911718522971787,-1.8523169831994164,-2.211564383491592,-0.1292761809414029,-0.9567162633417664,-0.03806668157847945,-0.41351668712045403,-0.7998395484178928,-1.5129920997130821,-1.7166930900760893,-1.7281131061338153
-1.010261898214997,-1.0966593179281812,-0.3142278342656766,-1.383637407539862,-0.5804145686885096,-0.7412048749415243,-0.6120325169225853,-1.4624712272908387,-1.5316354321702883,-1.5952216081186614,0.2804384639789666,-0.5263362524096655,-0.08043157812175855,-0.25673984015982554,-1.2574450568105169,-1.6626884117421104,-0.7503886537178942,-1.3986572836720779
-0.11530171951004761,1.0468117879638186,0.18434740843994576,1.693581184250807,0.5091981864131674,0.7713451527921359,0.8956261265175066,1.975233638821204,1.8123043277301012,1.8414047161223461,0.7014706939838679,0.8307914545424158,0.7879857164655495,1.1205951360353048,1.724167774512333,1.7077270612698714,1.149752296937295,0.7997698413130966
-0.9417979825106592,1.403370566910007,0.9870794030370382,0.5333960592814043,0.5682735856233563,0.6881836763035073,0.016211386315412368,0.6026449599854992,-0.3072377269760391,0.25808594405118035,0.7085049070158074,0.3603258471253927,0.5794018611842275,0.5350618433101441,0.5388462701658198,0.7792035663078265,1.0309558946874302,0.5378678411693294
0.9502816838795923,-0.8772652259537513,-0.23540260337496455,0.25784801534595014,-0.030051786355469342,0.5217850300366041,-0.25360440060203904,-0.1218068956883073,0.005043051292133054,-0.060517324154481134,-1.207983130186394,0.11307406986671258,-0.30598028353728446,-0.16258354564876468,-0.8684366953039829,-0.15517586255989432,1.2327090972118628,1.4948559171559874
-0.6667095885613118,-0.9228387386209279,0.841176277932505,1.2398878179354307,1.541200030982813,0.40320011146439677,0.798933592018699,1.2451909854483125,0.31508542774221066,-0.04662223835496824,1.0627309325680312,0.5102360464101524,-0.032488676199218185,0.15355605179266998,-0.8079035707783506,-0.4251218892022437,0.9871757901047754,1.2908657480343608
-1.094939366385047,0.07139742328711354,1.558363560500066,-0.9801131371029409,2.273227503324399,2.5294840589193948,-0.8567559549544645,-0.8901291031005342,-0.10037959952954112,-0.7871090546626812,0.12653948787253858,0.1181046049846802,0.19163308639329113,-0.21002767197155048,-0.5677537001779771,-0.24712437025131329,-0.14146001864770671,0.1872082153574073
-1.2472033167766523,3.1634684859789455,-0.43019452573958106,-1.4671699465176908,-0.6020540682811422,-0.46560722671399346,-0.7368308413898126,-1.2533044903881856,-0.5879740577992215,-0.6962808985785669,0.45056865833927606,-0.5527587679930973,0.3428885318628958,0.2537965957411946,0.3612565928875115,-0.2550457965764726,-0.7383661159689987,0.37037349735628544
-1.1848189608054558,1.0022496816874067,0.8633617166461317,-1.1007268021650063,-0.07634462962243685,0.9126119090626339,-1.2330729830176759,-0.9164319304484908,-0.5229676168763643,-0.909959336702025,0.0705161091685143,0.2954129888336735,0.117882794276922,-0.1352008842644589,-0.3497958227117775,-0.5017035454315634,-0.4942979986738733,-0.4654897400130631
0.6510956491922357,-0.1933166064389695,-0.39220778755739566,0.015936055177301164,-0.37559154799871514,-0.33105734093562555,0.04092096144517641,0.6495125211585558,0.7750026403889828,0.38892744614633024,-1.0375127597379452,-0.41793140518024113,-0.006700710901956673,0.13069727378374682,0.47364678642408575,0.4871393481566453,0.44670418904990433,0.6326102273063042
-0.009283523485210754,-0.9597611203385593,0.15004838848893487,1.5243008195132377,0.9100954266829513,1.5467891380778944,0.9992979797241751,1.007108913926661,-0.2394472436573541,0.2812824148868739,0.9096636103430705,1.1561896024534386,0.2053931182389229,0.19781415610575068,-0.8704580557794401,-0.13578866270399437,1.014737446473567,0.8529004682610996
-0.41797335289072424,0.027469388927196012,0.36576409919524433,1.4958601448084285,0.36843634135689174,0.528929407524607,1.5802661316705546,1.3834072155523245,0.46102336470710653,0.36850339606670895,1.5055288487801906,2.0192995012134998,0.5275680117626923,0.6987144471066821,0.5632869300417442,0.8827139171392226,0.7239998529507163,0.9688459049830223
-1.2671847235845,2.3396166957308835,1.4288269422755704,-0.9150832360855398,0.7599661522163963,0.43143589696439516,-1.0981082701058882,-0.7199676322838366,-0.04694677505402477,-0.48747335915280243,0.16992764989179748,-0.02295645785674954,0.2538418915636087,-0.017824189732271678,-0.08082380425575958,0.264790463587558,0.12288297206250223,-0.16831721634778973
-1.1002444962659943,-0.7968092592008447,-0.9946370579876196,-2.3261015311670477,-1.5758540477758451,-1.610806430768885,-1.0424710414853315,-2.4652669258758473,-1.8950213438396921,-2.3822868596621722,0.07291995385570478,-0.9720726742930376,-0.10133469877401458,-0.32794522346203503,-1.1284914367641166,-1.94290898459621,-1.875482661180673,-1.850215178502924
1.318355105078015,-0.26266620533800916,-0.35262841517791155,-0.03002948532112227,-0.02362792677253029,0.3686043339293897,-0.7339287283022202,0.19729541352198093,1.027919880302038,1.1468672100198127,-1.167643974286031,-0.023167487234529244,-0.1816300943801701,-0.17819511884380432,0.6127200842948001,1.1822976821622186,1.4085644654115237,1.8080636394758192
-0.9019533186504958,-0.5552791937766376,0.28873252970099933,-0.4397135012575557,0.73396177956358,0.6701898823014155,-0.25272691399626757,-0.24684899573976307,-0.24860344126280934,-0.6663780966160979,0.45600313098647505,0.10350180254613467,-0.06065935996387904,-0.13958828064823775,-0.8118230909070001,-0.9490849132467037,-0.4169406751473732,-0.5578740018108594
-1.2431243087528339,0.8984039954706542,2.9237445302087393,-0.4791690606406151,1.3749489613174888,1.4873875999774964,-1.1229508246730942,0.9807802236356719,-0.6955034179311201,-0.2603929401157472,0.05013990146019397,0.9829514774526137,0.13352517144333043,0.24774430027258887,-0.6987458237356584,-0.020872264332966375,0.23279059584032177,0.2608902585711368
-0.22377039386472725,0.25805166811883745,-0.9186301697656176,1.1038285575905729,-1.380933863436978,-1.1325087811639274,2.1686168167689144,0.7854008326218259,-0.12070653322746905,-0.4300330727453978,2.1757214822162787,0.5035581698092086,0.8959131367724608,0.8845421135005437,0.9220738030946487,-0.11313651114138709,-1.3435105162348557,-1.2619858771954473
-1.049295707913433,1.9344658017566312,1.7788381845752532,-0.4332936158109763,1.187028651974021,2.886142834681929,-0.29320188873173203,1.5123598199069672,0.16759425130268077,0.07017516092319716,0.6136030903048502,1.3758424185094273,0.48275932167436975,0.615560829090107,0.36043747816722504,1.5990383541967397,0.7196790346043777,0.4568685535339024
-0.4933912456860229,0.42362973842470697,0.06663755216738765,1.3487679696272294,1.5300143875653165,0.006145126727959231,1.6136976960595315,1.3893348194121826,0.18590102990527843,0.23148680669654695,1.263741143927922,1.084561884570153,0.7033991650591058,0.6385409523152857,0.8083847108767334,0.9612821768176447,0.14991401580338248,0.07820367436029334
0.19143502651005165,-1.375345434670438,-0.20007671964218357,0.7899004312902642,0.7894735788093175,0.29170542163404145,0.8162986153314381,1.328307378893684,-0.218257582209564,0.12590365627610592,-0.17757156550500816,0.12082843219992251,-0.21449329409544557,-0.16351591971718557,-1.7260361157653774,-0.7881625702090181,0.5585531794323003,0.4841553556839697
-0.3168123469635447,0.6410180100791735,-0.39854772055854143,1.03357052390345,-0.3009641880411596,-0.6565975583238193,1.723298822302312,1.532134577112929,0.546109710850251,0.4913841235542912,1.8423114266324738,1.1472215583382712,0.9422685342382741,0.9196445867796295,1.3367386890168804,0.5706612951663254,-0.14195241555032484,-0.4144006057043978
-1.2011432022501631,-1.4915053095802606,0.2676425856578984,-1.2876827892457972,0.12433880229491563,0.1479003201586323,-1.2066143397802038,-1.3980987941950926,-1.6980954867906064,-0.9412041068620135,-0.17544572739382505,-0.39778500860634053,-0.20279098568884954,-0.3120710011318193,-1.5243702707130284,-1.5895081002617975,-0.9471307157525084,-1.1086596877327672
-0.7925112500057813,0.14693945997154803,0.4829045011986138,0.6501071719917908,1.383523786661939,1.224311139323813,-0.20375304124315044,0.35894086362247213,-0.32669948475792576,-0.2775122925767415,0.9413870369475837,0.3356974824376621,0.30407944398562964,0.2498878853844567,-0.07488592222415556,0.06647829917613284,0.0616116448052924,-0.12695541221836665
-1.1461956185787208,2.474122461454917,0.6288074038817938,-1.0911360380774184,0.1322584824661126,-0.20198347760302116,-0.6757431665244089,-0.7131683783837445,0.05591306675294821,-0.24790899806530448,0.2890311132243433,0.052266882026544004,0.39410567192068224,0.27400801969225425,0.5061251513800439,0.13600893557986626,-0.39553015884923565,-0.1154999936763427
-1.286637513165114,0.30261626133574926,2.1412548944342165,-0.9103972784049771,0.7571125961346898,1.7648006574714694,-1.1748546077332709,-1.6298247528246506,-1.5743260583089154,-1.3216799406582571,-0.261509528431547,-0.03152711857425909,-0.06707259111259989,-0.3746073121226051,-0.6403747169482763,-0.4907504856141901,-0.1314877191423475,0.02098734989106198
-0.7174547526097501,1.4792597471985072,-0.05284873479744181,0.6927969812598892,0.7036038594403703,-0.5058450855453454,0.8228344001170784,1.3123852843553436,0.7740344119698943,0.6142627297895035,1.0662685490818893,0.879239477532132,0.788537868049307,0.8536695299636549,1.4716291221338897,0.6786690853029287,-0.2730892258409875,-0.34969573730602527
-1.2387826608091477,2.2122522090263335,1.0071772018814493,-1.0874196463192227,0.7778856904387451,0.4734465804652261,-0.9012957266773154,-1.351967873816706,-0.6286822837560118,-0.45725851042443943,0.03434881766268655,-0.08385836227445138,0.2582508359204945,-0.05135599123271686,-0.18748384725410225,-0.09718526274443867,-0.11543129214231097,-0.23341506201663387
-1.1965103625687064,-0.5853833637533007,-0.33716951253039695,-1.9469132131061437,-0.9769343230408737,-0.7892703201634169,-1.3141893943849137,-2.406379371233844,-1.8487622577805483,-2.036116327297038,-0.18395459841552214,-0.8260752575849022,-0.09404156536102802,-0.41478169725474084,-1.0953304332476144,-1.6693222043583062,-1.498362066111144,-1.4761277730499323
0.6104289743151301,-0.064671129972549,-0.9013460913961733,-0.6500304895017716,-1.35825422643746,-1.3115374869328666,0.01802516437882804,-0.40926379836629145,0.2405834641425247,0.04489479949749936,-1.0578578099466016,-1.1368407956486397,0.027739927373579748,0.054400621010078566,0.7063769593731366,-0.025261242086061054,-1.05958733929714,-1.0143000684379044
1.0325779572604448,-1.0537462049654838,-0.21189024752361374,-0.18472931626931574,-0.08519879385959907,0.4659304178712638,-0.47399004931096145,0.1807067939227841,-0.152023540959082,-0.05685305644127033,-1.246924685535001,0.5001936222893968,-0.3487547395499159,-0.24878652245917768,-1.4697413865071243,-0.3471104960497865,1.6543710328611196,2.0030547448168003
-0.7027603945283398,-0.7617312229105451,0.8033020641029694,0.8116773078219919,0.4832387095184601,0.4458541064041288,0.270076888609195,0.7176488056260748,0.6712204195338092,0.05557896728730882,1.1012724603738975,0.8139611509643399,0.030466396695711283,0.30188804273583514,-0.8585551724382141,-0.3576612551449231,0.6636934605491442,0.3322755081365084
-0.9924932760089071,-0.139390405473369,0.9013453617813761,-0.4405733711297984,0.9503359258996854,0.9680900794432116,-0.5251933790422211,-0.5626108568065858,-0.6646026860520415,-0.3894161252736377,0.23271410600118134,0.2038640678871373,0.2548068042679348,-0.027947769039588323,-0.4833611402548232,-0.28541238292489357,0.2162055014489744,-0.20143218916417951
-0.5410472583662981,1.3476236660340346,-0.7097440804718993,0.5467759872686913,-0.6047088193172154,-1.2052538873246628,1.7281881825271532,1.072943865299993,0.967219591130884,0.5365435095911786,1.6217597561382529,0.719172582554321,1.136716000397072,1.1903214222503793,1.6222331584221972,0.6569397055455966,-1.0358522249964877,-1.0946385630868098
-0.9363158369730139,1.1925888477986275,1.407257103311226,0.9460599259396708,1.6976329213739008,1.0091073944913924,0.09336394486032464,1.4224389367756334,0.4014489024319975,0.7766343791799725,0.9744253299610514,0.5181152150078091,0.3192811682578418,0.46589128544578007,0.027334764889369936,1.0057808678784876,1.070720132488839,0.6142346016766128
-0.6549441092718231,0.01530351588253609,-0.261461155468214,-0.15963517136589553,0.5751332077841377,0.004162567729840892,0.5086009022607499,0.4189287256488157,-0.48204642179169765,-0.4380399082747567,0.9759811311785139,0.30464421029312305,0.4648537162471908,0.33624300730389534,0.07286184454701236,-0.2554798554237038,-0.5904929175552471,-0.5652308316238436
-0.7418161124602201,1.6098426090611677,0.5722551136551383,1.1674620695313713,1.9844976740137494,0.10776937866351032,0.8829822943140074,1.88187591444378,1.012021756159127,0.7755064888785043,1.0214979455842466,1.370137416289766,0.6891111783914715,0.8200882303245929,1.0983889397171414,1.586326473359132,0.8695146701178624,1.0025470229250621
-1.1504485013721248,2.5912228943245634,-0.11668777097191156,-1.2925665674671754,-0.8086049770265983,-0.5011619682370487,-0.7217439539049315,-1.0367129396266674,-0.45110431655185695,-0.7535341723372819,0.37074661329572006,-0.07859987326592285,0.33751237410897056,0.3034190143183764,0.4864945664801482,-0.1740393345920056,-0.7975673418751238,0.1613055098473969
-1.2194266367516495,0.10145974608386486,2.182433740467606,-0.7297688554324907,1.0654414909864793,2.0448232455359707,-1.1263732450403559,0.11310678317138671,-0.883344214259764,-0.8819021806106948,0.12324015162709387,0.1478524466706862,-0.021017949032641352,-0.11329330755091374,-0.7207213339981132,-0.6493951498104493,0.02725322259848287,0.44496368025357813
0.11689678796379585,-0.5518153507373895,-0.22176755582259572,1.3407014644835333,0.4504050475240561,0.8520657084152778,1.11547491964086,0.6871158222031347,-0.34328557383623987,-0.17649068502968626,0.0020753057044450803,0.6932111970140968,0.11234601702688356,0.214792056468921,-0.11957669158029728,-0.149154660981712,0.08039091086938822,0.6411259441014764
-0.8760781385453114,0.2775287447986499,0.0872976877976895,0.036932898222559137,-0.22899669533260783,-0.2826077989057318,-0.254214045760524,-0.614736445371772,-0.6464331809410865,-0.711484614194506,0.6619557194497605,-0.05560923726618746,0.032216482612153624,0.11998352147556861,-0.1955025386472456,-0.514087731600505,-0.11110409667349001,-0.5415708939919243
-0.30520109240510246,0.4405006581180354,-0.9389530590193321,0.8200218604414379,-0.8634195535801963,-1.4742971931951885,2.2169701176489585,0.691951902664389,0.004872470941140135,-0.2783013061066977,1.893050568614589,0.4222687097831245,0.9017238443256743,1.0219558183464899,1.0864920588129818,-0.04787011278810108,-1.4054380599041838,-1.4288211392681556
-1.1312853346452518,1.4334327134668803,1.7569263171752312,0.017491633438805564,0.35778039557575114,1.1884826558232429,-0.7089191097657094,-0.05866572242662386,-0.1453272823068844,0.11722675354825808,0.051302257610778064,1.0553145639459747,0.13289200099668338,0.2436930006266891,-0.11425282255899803,0.1366021842134128,-0.054512411397703166,0.5812036150211559
-1.3048193413720859,-1.3744087931523463,0.3098459044435124,-1.9839551330344598,-0.41000478213754626,0.8368520757621155,-1.6089860424530926,-1.9976439733425617,-1.7150942480545441,-1.5057818630992514,-0.44559225762395704,-0.671068939173518,-0.08914478062140407,-0.5468128509922912,-1.469965438124984,-1.6930397788898934,-1.0964815356878501,-0.9438488148713293
-0.5475489882607596,0.6325025838356596,0.4618969990201604,1.5309074376865168,1.4720252708846935,0.3523834567076345,1.2595079377965184,1.4294416804914711,0.46209256869896215,0.7538380478665857,1.4608851668153435,1.3426654809454168,0.7309634532448572,0.7793333174558225,0.689209038220201,1.0428934968636074,0.5346453963409062,0.8455167684811812
-1.2645732272245729,1.0251255591003947,3.2021905205458157,-0.6841280987553965,1.4035180308909396,1.9974024353096118,-0.792628264283428,0.9888445609771079,0.3436238148722476,-0.7259771034645218,0.12227394050886696,1.0159770112532946,0.04281314675946333,-0.34004188134192487,-0.5013067606550383,0.04641741547715899,0.32423505463772695,0.8618848912716235
-0.18923922206857816,0.14095123524919073,-0.3767510118140697,1.3079501806526301,0.12927685393238575,-0.42115770934062163,1.7851668471060163,1.1112174842674634,0.0030977566939970947,0.0683017735375426,1.2051274003701324,0.9763330884804348,0.7407308452223539,0.733430368615422,0.8587140121716207,0.3343707985940855,-0.33316695990583894,-0.14927091082156868
-1.1891615569414777,2.316056890098147,2.841594934169756,0.26577014599985394,1.2641794840308802,2.6820374943047107,-0.0845973581490269,1.749655270157902,0.5851306243968799,0.4295297347992304,0.4018887897693075,0.6727731057114804,0.518299021973112,0.34884874298281476,0.3758427526195461,0.7294811203556779,0.3955834524509362,0.8502951506219617
1.408485468299771,-0.46253703109794386,-0.9773541890342825,-1.1280120995471938,-1.4010663860139696,-1.37448371718672,-0.7040885622357544,-1.0407389353897545,-0.04920092831200815,-0.3374871513806462,-1.3613596336295928,-1.5189531642646852,-0.4177981710199443,-0.37428118396859283,0.1740636217230148,-0.4355919588257286,-1.124035475696715,-1.077639803019286
2.0005351658460775,-0.7697669339973479,-0.7497167980636142,-0.8825202748303698,-0.8586951777450442,-0.4613773132796947,-2.72600580278118,-1.032210406257011,-0.2791632443729297,-0.1953840256541636,-1.3333370069963029,-0.85193456262922,-9.4640511702022,-0.5696805587184492,-0.46034206971131825,-0.3646099416800813,-0.0752471111294575,0.01141702070685343
-1.2797855665599758,2.278062446098418,0.21243993430031616,-1.6474513630060934,-0.5625471969202958,-0.20105955225183245,-1.3489700405715586,-1.608181380329748,-0.9780868931962597,-1.1333599147353133,-0.09265807327228785,-0.373224915994429,0.10540814102315663,-0.09879917643921485,-0.0681308421758355,-0.5099186488339039,-0.9988278902670379,-0.7820146892227121
0.5792362161855376,-0.935310539615971,-0.10238698850714537,0.347753142774781,0.35330702069101055,1.1732039206460907,0.3541960579480601,0.9849000020968943,-0.3813017931795396,0.1045358780255033,-0.999601419940583,0.4047599848139723,-0.2171157003478215,-0.16223598341085868,-0.9779391521093996,-0.10274554728385187,1.500988690197673,1.0330058209157416
-1.1391360677568925,-0.8173085467550518,2.5557466708439494,0.17767362104204565,3.300280119629048,2.4711212705798666,-0.5162550709731665,-1.0610250963070667,-0.28326484730370016,-0.45240439191311893,0.325202163402764,0.4303445926328891,0.06326117107745412,-0.08406070600021968,-0.9478077642650847,-0.41404309307812276,0.3997247533752694,1.2751079474732718
0.03660941288006439,-0.16692096409434537,-0.608258506525427,1.0386874578385537,-0.10048431524528069,-0.39830977468153683,1.5396468521421192,0.3508436800279347,-0.44902841598884624,-0.28057330609482806,0.4707042196587684,0.6244684498879391,0.3391273180386199,0.4038771577944875,0.3361524492373082,-0.01968891688871528,-0.5793595708341412,-0.6149583330064278
-0.7438792791732999,-0.6619149824569461,0.008276538448262035,0.2904722716041459,0.7259505595767684,-0.22184455110742976,0.5504738023335971,-0.016460803031217074,-0.652806336558662,-0.9736971868278989,1.0975279218093474,0.7493283431147995,0.02601504207963945,0.09808316773216,-0.733686635517675,-0.8581784222735076,-0.1329990469801881,-0.15925836878166483
-0.3851691262910929,-1.1560286238824946,-0.8603607380386172,0.7094469606627605,-1.2471308522682276,-1.176825105506941,2.09697187779034,0.2966321150970312,-1.3597786577302968,-1.6195242037138162,2.0348471859715547,-0.0663573628255173,-0.14084528069026028,-0.08296153775033946,-1.068226720523483,-1.5468219462714148,-1.4022152775565242,-1.4379099454637205
-1.1720967304966692,0.9816808479191343,0.6968226233814411,-1.09861138876406,0.013940236506318869,0.5929455738520368,-0.9134037376322127,-1.0903134198404112,-0.8703946635390428,-0.7952713343422785,-0.02796829804718688,-0.4084203223850223,0.07134267446966994,-0.11603273352341095,-0.34680678630121964,-0.8521727657938795,-0.3075575643289835,-0.610019509589247
-1.0561356711141163,-0.03122494766783171,-0.14034372065866868,-1.453755462402499,-0.3418124588199225,-0.10887962255104582,-0.8445553411519651,-2.0462744882943564,-1.486858791671185,-1.5094894316461611,0.16905717823060165,-0.4209069723624213,0.016728718870213564,-0.16319304469876048,-0.6885900977368091,-0.8374743306135618,-1.0814223825349214,-1.0214439866822287
-1.1879669344080324,-1.248813573687116,3.3983065867319096,-0.17055793695190152,1.9866015658737957,2.3374263946753655,-0.7485918880229822,0.591059280216222,0.2768347439152067,-0.6034825926077364,0.030871870013777194,0.9529430428144557,0.08862963602777392,-0.17397319112376572,-1.1447742010541955,-0.4677982898456934,0.5071629234687193,0.8822198443789041
-1.269127844157376,2.711359994142589,2.862334543729775,0.8343082776976816,1.6334336815005006,1.5453037377698127,-0.37470720164236954,0.08050788556770963,-0.008873858289115383,0.2835703825851626,0.4209781389278591,0.3200490985653783,0.17990005717455085,0.28873127803311277,0.3126872783973913,0.8267694614400687,0.8204602857647124,0.5144246799548569
1.2761884211161385,-0.08776093811962328,-0.7816956157687767,-0.7713785859747362,-0.9641770208734406,-0.8087045146102986,-0.7055231236106444,-0.17120888772926868,1.2235108098514982,0.8075236298305083,-1.1811018506422333,-0.9863217715201861,-0.31218985751829575,-0.2554222580993281,1.0040998969405204,0.6838162429107978,-0.4945915713994813,-0.22573464965762757
-0.2842189184916297,-0.4548555719569516,-0.10715394379806989,1.3048537890820007,0.7035381051948298,0.08789941833034766,1.7959660557157566,0.9005887125591231,-0.5836620297722701,-0.6076072509577847,1.3275966634575243,0.7748884030010291,0.4124272843561052,0.4393647182665039,0.00360891931088929,0.35838743248648836,0.22844805730887524,0.07895395239203423
-1.1064736115067388,2.494690668592512,0.9285866880742281,-0.24256014172708995,0.6647872155205305,0.21544776421128364,-0.36163906141603525,0.9047504043432621,0.048149758489749235,0.33562501747831897,0.4638173507830854,0.09908876403967042,0.4447465045666981,0.42564761313305666,0.4829873235613968,0.4416723389460717,-0.3218461846345469,0.005884794691284018
-1.1789886664897609,1.6550930593453819,-0.9448997302162545,-2.0210883674515974,-1.1382995880553093,-1.4803387009749513,-1.0231586181105508,-1.8651510434792433,-1.1486210761523419,-1.429039362277085,0.07544426737159703,-0.7938735483187822,0.14346994110108646,-0.054564929108808786,-0.03368545859342289,-1.119959939971209,-1.5774600146114748,-1.7745581915058994
0.6875511586196604,-0.32649274509036635,-0.8651205897475782,-0.5860094726758721,-1.1923806838977398,-1.1696531670010333,-0.057836338649809416,-0.4164681231139741,-0.038873845527126694,-0.529097453791114,-1.1232809822268714,-1.1787507722818822,-0.09532619665991487,0.008655580470231319,0.27674719834343947,-0.3936883750034225,-0.9679847518754846,-1.0330766421094684
-1.2407565976329384,-1.4299491800557633,1.3835885729166861,-1.4152914690806524,0.23732482907523064,1.6063941183147155,-1.5141153609237301,-1.7863267917050134,-1.0354881669646687,-1.186633674512599,-0.2880642672893318,-0.17533603512097726,-0.0730236936854644,-0.4394294483463043,-1.443111743331373,-1.336386161300074,-0.6128409101047312,-0.09307389280955948
-0.832207649646588,0.20858582431356246,1.132853287434105,0.6206667849218785,2.0400963392967366,0.9004000772693924,0.35773168079896545,0.9846371736168196,0.1926362948413509,0.5017024812818126,0.7754009916963692,0.5817160070303838,0.21954200525736997,0.3082916312187309,-0.12896416159256102,0.532327560363004,0.7310927898855865,0.6031001715503019
0.38835572310434285,-1.3616365570164501,-0.4506900487166116,0.7221735954203686,-0.4820107663638405,-0.21607836416198808,0.37420627709942045,0.27778738204823683,-0.526647512719739,0.07862668606466268,-0.8028860374156765,-0.9745170693417765,-0.3020133503570686,-0.1952518227652553,-1.7411843453570954,-1.4494113163570328,0.04529360322765827,0.12280445360455439
-0.9154724734270229,-0.41150912919431215,1.0382402135666948,0.16899546479533503,0.9476872013247193,0.8373140429074557,-0.6173009323786501,-0.03255777104507624,0.04719772432434264,0.11332532520540871,0.4243077680520184,0.4552355199078545,0.0008346381005075693,0.07727855514370877,-0.642110535777283,-0.02769798314459274,0.5240855970026869,0.02071358165166439
-1.0889042750010247,2.0371771444766344,-0.37170828879867884,-1.3023599543823308,-0.6386877330342852,-0.8419631393511117,-0.5702026826276011,-0.7092429180554344,-0.43830337025012606,-0.8477622502020532,0.2751944869230813,-0.30369429891612687,0.2977141951604762,0.27595016240651143,0.3873483955468381,-0.2207162264914988,-0.7344837721578205,-0.926119132751798
0.8100635845178349,0.28525049433396554,-0.6664074831884074,-0.2681440831472589,-0.9499411679360116,-0.6319235763521931,-0.35531364403953686,0.11245952375171331,1.5537649309113328,1.2457199127055165,-1.0053235125468143,-0.6860398097543636,-0.06534705119266322,0.035331836391568484,1.4854820224267473,0.9996520016763587,-0.34203919173471115,-0.2110490864945108
-0.9476162934218989,0.7407917669310792,-0.8198826721820677,-1.3190911494257995,-1.1728015709100883,-1.4198513500490553,-0.4461229231617941,-1.2829786159448924,-0.9305403947677874,-1.1576358943546536,0.3784715814657163,-0.6532769814371975,0.22683416585818478,0.1841255626871827,0.1168293286764981,-0.8492420386997862,-1.65868191490934,-1.573294596678633
-1.2888208258281175,-0.7109660114405697,4.030302779418647,0.5961422050717683,2.05127304288621,1.3609813204602423,-1.1959031333117514,1.0106934313862468,0.4922797472547853,-0.6799659149450218,-0.20706881303645422,0.9455055840511427,0.06957385258683683,-0.1618164854457209,-1.2892265323816006,-0.242808281046748,1.0985079025492626,1.1399343831437085
-0.5260166132681976,-0.23610403589091855,-0.5759817832205011,0.13217273585565517,-0.6176008236139174,-0.9580855480492084,1.47743142067347,0.15381992597121877,-1.0503753758425576,-0.9905941189365781,1.427825336008373,0.4611183418574524,0.30452371815091406,0.3371206974414716,-0.08738810052247335,-0.5231954214959533,-0.7706409129286349,-0.9144003291214631
-1.2812699055187744,-1.085149904160069,2.3116952512810274,-1.165707314622037,0.1019739191415745,0.7637246300315826,-1.2358099400654792,-1.3573561965137462,0.26048579787619075,-0.7221883614042992,-0.2214863903012217,-0.1441954481458826,-0.004983273104511306,-0.31991079535095845,-1.260510959447365,-1.0049113480609944,-0.2730325795908411,0.2628778913573433
-1.1409286939869903,1.3943471536960252,-0.009960267885708227,-1.5125085323451248,-0.4340320864502503,-0.11221757943907477,-0.984467047120983,-1.4589812202546646,-0.9534067241135018,-1.1516750949653642,0.11845512652182809,-0.34332451228169625,0.20100075714304416,-0.10556224187063419,-0.21663114730891178,-0.7229481140808388,-1.1620865867270649,-0.9646469669855692
1.4299798656940395,-0.22507254550742492,-0.20317308900222697,0.27974630674343026,0.24588944593134948,0.9272484382154479,-0.7674185783735308,0.5693727810680566,1.1628328812139654,1.8199593329307084,-1.3821884563490978,0.7728795689370226,-0.3180976046290178,-0.01231283139096899,0.7269377764970298,1.4659439456759453,2.1588561227723275,2.156841380955274
-0.7881708340883209,-0.9292951396835423,0.19424939160778357,0.03556540511009059,1.7017035370689853,0.4993300803411843,0.4384573727537485,0.44363656039904203,-0.664027372798752,-0.7760946469408828,0.851523905208192,0.3215519472714047,0.0004442448147145786,-0.03824268249151655,-1.1207186922636116,-0.9449633836634368,-0.25919682135983024,-0.29545298641198275
-1.209776902064074,0.05732103653205107,0.438208832990545,-1.5744587984755105,-0.31630029832497364,-0.008955717586535765,-1.352780581310372,-1.8534021727587033,-1.586890518663236,-1.720469877028591,-0.045906401544281196,-0.4254286975768448,-0.02034573213789497,-0.3818968688660712,-0.8496901044905198,-0.8076931899144959,-0.9655771002167964,-0.9105315111915099
-1.173991561879599,2.8754286335358814,1.8627267680618529,-0.13866657219135764,0.8100180117364645,1.62485829952403,-0.3051238153334747,0.9662431516256565,0.5832519128460802,-0.3601607849915693,0.47961253586837205,1.0580894575512745,0.5156813525778936,0.48692007858506003,0.337494548699572,1.1665731530528196,0.841760008207869,0.6356652097256804
0.19678830522352625,-0.13484179619415362,-0.958994599162752,-0.17656921500343753,-1.406566621649556,-1.3877246685973612,0.8643697634246634,-0.2122727058677751,-0.38535386136545746,-0.6067193992856011,-0.4193968426375075,-0.6930545230946443,0.24072497097812376,0.33916478687402196,0.397590872191308,-0.44218097655522415,-1.2348482751560996,-1.3692871070868868
-1.248384546093354,-0.3244625351295136,3.1030234667837093,0.6098884569911066,1.57393833551902,3.0610561047717035,-1.7607577417723528,-0.9239247370695224,-0.7567521021728305,-0.3657727324371971,-0.013096383284026649,0.1918188129462731,0.0333271415694927,-0.11139597550993939,-1.283644887529089,-0.19309384496788146,0.4397657237216486,0.9194343400334847
-0.23137765676076338,-1.1265062658029572,-0.2709611954483914,0.9241120381731861,-0.04473141441599497,-0.17175698676244808,1.951341206842188,0.934438383185928,-0.45717503608057103,-0.6901263891660766,1.4565755418639132,0.7402063233877559,-0.0767276172805819,0.10055956454035894,-0.9745336246114363,-0.7138236039351193,-0.11619672860896106,-0.1522694225710834
-0.907208384599921,1.0163266950731467,0.11098160001892729,-0.20827660431412345,0.8632335801389615,-0.1869219206801534,-0.356171381275621,-0.342126297260511,0.059875270541480966,-0.28964554080875665,0.769358664905389,0.23351831553436467,0.48993265724444357,0.3454264357343301,0.3269793386682973,-0.05156190994489296,-0.43817731847620184,-0.6034428294337782
1.7421850552487195,-0.8454882947576098,-0.3952813934820861,-2.61444371537146,-0.25310481449463035,0.8431175189478332,-0.902905481068868,-0.06670196012385846,0.4259914636552295,-0.16658330837663374,-1.3014286332720393,-0.0002399895764241204,-0.43130242255961704,-0.41821406825974916,-0.8470503235269852,0.40205400688233317,1.1876157511442695,1.951082791310103
-1.0214853358699707,2.348640735575542,0.5667917084530913,0.10831665520498181,1.3215718156745688,0.5318152542051815,-0.11326691288043209,0.5091671266825468,0.10230345970666078,0.3781154007483128,0.8538278301899823,0.37725254951317777,0.4919531529433475,0.5497642657164604,0.5191867580342117,0.9259264245588493,-0.24368011500721762,0.022672437362911354
-1.107951687405635,0.5906354741308819,-0.23777298943859865,-1.5712290164335911,-0.7098345053813594,-0.6904909824882445,-1.008277856315417,-1.7954584115029677,-1.1602143258628523,-1.3578500904166502,0.0937607519944885,-0.5344551358758212,0.13373765379437716,-0.12128189882077904,-0.4505459845948549,-0.9046405526595294,-1.3394183150672456,-1.274863116148048
-0.4231268936410315,-1.5425316302205427,0.07859120550124975,1.3617922783242327,1.1450163767577344,0.6905951992748451,1.9055299668531092,0.811969500420536,0.0384052561645229,-0.07860270687633807,1.5963713190550233,0.8494331943284096,-0.21611801498039934,-0.05865579839890834,-1.5747858792399239,-0.8677555686293575,-0.10153363980050359,0.4838526603254814
-1.2749923482544507,3.4190718245870384,1.143712808428229,-1.088964914684631,0.4571566642219977,-0.05548449199093934,-0.630012411507829,0.013292275568752095,0.040163423240981516,-0.19196702553928857,0.33063507694054767,0.1645037426089348,0.4570853847102726,0.3478931606032744,0.6871819485333696,0.32154345847594534,0.26491645253712776,0.14983331038167977
-0.6796579689803048,-0.3939504970194108,-0.9194280160110693,-0.6395091082184616,-1.1285170440454675,-1.4690977343029774,0.5100718687270297,-1.0553044007486998,-1.7246105789422916,-1.7700530192710742,0.962654824139202,-0.3900559684198206,0.14778804429463907,0.11980471998069912,-0.3617272071738872,-1.1350173222311866,-1.5962235396529918,-1.613258121319742
-1.2426449164316669,1.9229557613578407,-0.7152112390342792,-2.0011627046197282,-1.0748093881743808,-1.2508962135727477,-1.2794335349619628,-1.9903447834771466,-1.0552320204049728,-1.4793495419008118,-0.06790334423092127,-0.809411705031447,0.1525795753389979,-0.16048731824593984,-0.21954440051998084,-0.7652772447173357,-1.452524431413392,-1.3484676875074757
-0.7652552835258447,0.4351397788234965,0.93960635244256,1.0789409252101176,2.3786937492999436,0.8481684691660529,0.6180285802930927,1.0562527808738427,0.373314598505764,0.3854696615053848,0.8538094027737358,1.2283502869543428,0.39886508629496736,0.5924774310033186,-0.00033115358128705695,0.5574362869640622,0.7284934328747977,0.4414860242408581
1.0749520302243025,0.39947203411042814,-0.31925837971198684,0.28795430862574317,-0.16980836990784173,0.12548549782583218,-0.6999720986405694,0.6641946750594653,2.393416793187951,2.274508667912121,-0.8824680126049637,0.06943099304592562,-0.09330418206394289,-0.08804159343118041,1.9975110993754197,2.023041490394048,0.9852339044876118,1.0971067834631518
-0.9139945222902763,1.6461050654513185,-0.5941081990566777,-1.0284890093074799,-0.9427395929700153,-1.2336200837756492,0.019642088482349933,-0.6705179737995173,-0.19787633064463864,-0.46788387023175704,0.6820789283042644,-0.15771049382723737,0.5681862081256328,0.4692563517671201,0.779397790504219,-0.065633635913431,-1.028119435613387,-1.2703256225409556
0.5272157895883542,-0.31494841134865653,-0.27930820313427174,0.8678613015492805,0.14531786071771244,0.21819639488511633,0.1495529612071464,0.31928450707675,0.1311689650303576,0.5250311402593065,-0.8565669290143206,0.0992573064732649,0.08309233687957877,0.1479225103824742,0.22532176375328314,0.481308952454138,0.9367628699493928,0.7377138535199885
-1.087118036592979,-1.5005287227942423,0.7941889747211224,-0.8079567291741481,0.1583286712507452,0.8040937160696513,-1.1534290045158324,-0.5101594839248582,-0.9018258461794669,-1.1698462686282884,0.2026069284530491,-0.11648054837533912,-0.1890069494783074,-0.34270813026619096,-1.5194305469051357,-1.2823828191592515,-0.6558932655661472,-0.6810222263236643
-0.5865843512479565,-1.3249832642191555,-0.3900090829756597,0.4120539867467808,0.24812012410576983,-0.8190805329701878,1.3009351108747276,-0.18863350464949552,-0.6074707047432152,-0.48025343730289605,1.3254625998387608,-0.04151528616545372,-0.18884248084865712,-0.14799480083742164,-1.2046488036563283,-1.5287203905717501,-0.91294752347003,-0.8523324523212988
-1.2372982095644145,-0.9750617769881015,-0.6251785645479088,-2.172460947180808,-0.8834325796747754,-1.0427219610213914,-1.3960489614196703,-2.3566531499236336,-1.7603254939029611,-2.0346161425220566,-0.20114186130044429,-0.9767576756396328,-0.11456587307039369,-0.5016439949006776,-1.265086574598123,-1.92487226861282,-1.7217201283435544,-1.6157161562931517
-0.3465285606496264,0.8238354589165664,-0.0013373951660200054,1.3038674771878225,-0.23612719564465642,-0.0056544733749153584,1.6549002808044997,1.576298766239226,1.0486316377791736,0.9676284279696096,1.579551998615429,1.6336584078212995,0.993971000175905,1.1007578598372982,1.3728876189873678,1.1968053486510328,0.3962566643507245,0.015341185682432187
-1.194717873576973,1.1245661246719068,0.828734632150015,-1.36224776095644,-0.3177609009759693,0.6054262370553906,-0.9202684097784498,-1.2966413085989914,-0.9739997044400264,-0.7465555948704743,0.10356879773886737,-0.3123851937100675,0.1019616262268851,-0.17243071606403565,-0.312689909605433,0.052577446832967986,-0.5943190169658334,-0.4369187041283757
-0.8086851499413437,0.0011824865872751278,-0.8399282437125118,-0.9741998181238213,-1.0717894105402301,-1.4981860460872678,-0.04035528724119755,-1.3009073036164325,-1.3392417172525422,-1.4706734975104216,0.7154095030529638,-0.44794523845651,0.27489752623158586,0.13130032693061605,-0.21280897351235098,-1.087842122701622,-1.5002813087084304,-1.5625596436107054
-1.2574834278196092,-0.17147851265181543,1.248435523599234,-1.1822376000361536,-0.2656155034095211,0.5997914954857747,-1.2826780528677357,-1.5435558391964421,-1.4028755874521046,-1.309706715610686,-0.35740204077978227,-0.46485821830180435,-0.003730675457787523,-0.3751692527723786,-0.794059047893218,-0.943545876755486,-0.447287061687204,-0.36872321218775617
1.2044023794438572,-0.6221975439769671,-0.5144616564677654,-0.2811024381455077,-0.46146937453650866,-0.0949404497372956,-0.489810836476667,-0.3390650598604315,-0.21643139893387692,-0.26720511453464785,-1.3252585084216981,-0.8291531753209122,-0.2853872137161964,-0.24750420089514738,-0.15469252473070527,0.04943803140157244,0.24345107433472146,0.5280856388171796
-0.8418504226062239,-1.150948435966925,1.032777030786001,0.8785303277108514,2.0810009355474466,1.8494870689650393,0.31831033809814385,0.5979210723303126,0.22048114763986157,-0.3703707365602342,0.6059134507441835,0.3742698504209523,-0.06159150633741898,-0.03402165303397164,-1.011003076667987,-0.5539729958372048,0.4079174056334439,0.6593283023148035
-0.7013830515889125,1.2975680012082904,-0.36259497699547877,0.41841694312603145,-0.8635573661714537,-0.7859064434913362,0.6867001256476384,0.7528027942014779,0.5950857794201897,0.10630048155687685,1.2637999062385152,0.30853075339292185,0.7995903270503758,0.7617880210981703,1.000065152157563,0.45859989304525195,-0.6552299096987121,-0.8895613433646992
-0.9580900571541837,0.7837575021840052,1.1674749921137446,-0.0212866496122653,0.9867218775036888,-0.10266789566681334,-0.789797652394526,-0.11924622644038566,0.6450627834173026,0.4873040982150492,0.6758209236160713,0.42138744004660106,0.3722365281778868,0.26845595046016146,-0.062060263938073984,0.35798040551669047,0.27478662990200436,0.49763922546972383
0.45019828072721557,0.09061866820185399,-0.5505545602365964,-0.21505764068230682,-0.6522381078130896,-0.5950880211380333,0.17642068511607034,0.4342315932666338,0.7543055773852299,0.5940962321405744,-0.7775788262415008,-0.44582029339151347,0.08415641422174483,0.18943681627991016,0.8692371263872702,0.446790591697936,-0.19312577725492167,-0.2121943697550868
0.8788368916384945,-0.901033268793406,-0.8013452286360914,-0.9344378047094297,-1.196038771141354,-1.0490057663649135,-0.11450605703550958,-1.0824027740240785,-1.2681772633530821,-1.2184329437451302,-1.3404013881615797,-1.1846197728875305,-0.29670817731182814,-0.2311129336142153,-0.9453998399190877,-1.105318995437736,-0.8340376588415574,-0.8189355142733078
-1.078449662258681,2.0749293124952377,1.5929878091239313,-0.3981370225578734,0.9943507033875181,1.8909097085104285,-0.3713423807834357,0.4392945051948383,0.0723154960155163,-0.12490582981544081,0.547181719036513,0.540623078581299,0.4031631701065288,0.8780134651432102,0.3637659345133932,0.7864982170184819,0.539661766710017,0.5650161323792009
-0.9382106558797288,-0.7021615664838529,-0.6915500346430559,-1.4509623110407186,-1.00695906775876,-1.307430243169027,-0.496851388279177,-1.7680015094755683,-1.8190283697688203,-1.8317534133132742,0.325462704943017,-0.5745553293419878,-0.02268448412642914,-0.18578459594553803,-0.8906781839070542,-1.5926596702627391,-1.399504228630805,-1.5475251358479676
0.168719990555123,-1.1936533851559872,-0.15999329182197936,1.2031270961209282,0.6806182999743158,0.7263623238137195,0.8503971736433594,0.6902483420082557,-0.5914217326663671,-0.1631063051398841,-0.32461167919213973,0.42790895635165843,-0.15136798197094206,-0.017748409712136183,-1.3185207201287965,-0.2355540403547995,0.47355213573629995,0.7177319162144311
-0.5094630652309025,0.9389527280816722,-0.4690567004661019,0.9475956700278473,-0.8666760021986792,-0.8135221850469375,1.5923715712453788,0.9496422566656907,0.6731235663439629,0.22365586642055668,1.5564036847870262,0.6896604574357548,1.0625852090536252,1.1544249039121315,1.2306949550697794,0.6944876196231301,-0.44962092519373814,-0.8975540944364775
-1.1489705627115934,0.5319644403641627,2.448563634925331,0.010316165196853966,1.4363601817245752,1.8706424385667597,-1.10762564573398,-0.02388109594623104,-0.6836872204995984,-0.6793787468295072,0.12596804692308872,0.8281571566585386,0.13674924085588064,0.08221626326425041,-0.24836767146445812,-0.4428057192956227,0.6684685423569993,0.4895783841431557
1.5621786252563319,-0.49719291413389555,-0.6338494038225194,-0.3405587676300481,-0.7931335526416621,-0.23695419832519374,-0.7617083296085905,-0.6000871135458011,0.19160404267426814,0.15806755775565948,-1.303156040510739,-0.6232790733872599,-0.4730643986674538,-0.4042593424076278,0.22294874671679335,0.25597669693873876,0.2373327832398512,0.10355021558087656
-0.707779781658394,0.708213908713982,-0.12029814912822485,0.7607703038780887,0.07981152686312713,-0.45654299228926376,0.4707900414386672,0.8174284809951814,-0.09227124240372096,-0.024442955196798555,1.1584286239548232,0.2817311715324572,0.6238762203284102,0.5057872997483047,0.4595277689032625,0.16139659908943996,-0.2845365416388051,-0.39628071101119317
-0.025508532235296658,-1.4353401474139122,-0.5095487927692293,0.711342674228755,-0.0518934312831997,-0.09524350136267883,1.3122286760724284,0.7184233970010988,-0.5525354569014671,-0.270907303143182,0.3420609790311039,0.07129432602479724,-0.20940975946594978,-0.22244216871991837,-1.4404863606098695,-1.4117332600555486,-0.6764494799915323,-0.7081149414948874
0.2771817530867232,-0.4170603867214686,-0.8075213900147075,0.1968168127634764,-1.1417186905180388,-1.2059073437734285,0.6603743325102956,-0.32418455205012264,-0.5785424842996306,-0.9153478919354476,-0.6525597899620862,-0.7013252829186316,0.16403728111586938,0.15568093839145986,0.013691836684084021,-0.6005171226212266,-1.1200848819435103,-1.0463467881380633
-0.6177783070941845,0.4071404808737642,0.6767808608166681,1.2712955843926457,0.9229405215208475,1.0142364467197977,0.9223026844505803,1.1544879184727699,0.4621624043493517,0.24826489462134113,1.2611124081334102,2.237886027152558,0.5419403081206032,0.6042955169578823,0.2610342269487177,1.5032033559487272,0.4068610425945672,0.8428403531765708
-1.0398246731715735,-1.2370871498826053,-0.04091687875618094,-1.087950856155995,-0.8287434573324767,-0.20280020855236167,-0.8912149586220383,-0.9085735180761678,-0.9232350158890427,-1.3154084683177714,0.22188465860303633,-0.25014173739529527,-0.0568272243615168,-0.19077991264055127,-1.3432088288359756,-1.4743028266089775,-0.5038779611998527,-1.077864435686505
1.6622179196502058,0.12482695090330105,-0.4310511537782479,0.09390421800272672,-0.12117616670720294,0.22558807951858847,-1.0650895263914928,0.24321709731443394,2.382701597398801,2.39688895653973,-0.9255240375801014,0.03860476504704424,-0.421949603993256,-0.24349848440316163,1.8185610558173622,2.4407591015786987,1.2637474443842662,1.6049645595861237
0.9799466951795384,-0.36061964413261177,-0.16616234961863216,0.2272698648793371,0.5545858030662283,0.9043950039893187,-0.38937669983857986,0.1936935034414572,0.9087018088388328,0.9136744978247057,-0.9965369519060486,0.9580256913962353,-0.12313184574735474,-0.01783807911920328,0.32136597348258267,0.9336355205017535,1.8968038393945394,1.565757889752707
-1.2332007928854443,1.2696895401726631,2.961973116859048,-0.8120771793704766,2.7567110233214396,0.5659926177304326,-1.3561335070239176,-0.2068470688036621,-0.7094175372408753,-0.5935643546421125,0.0780869697408714,0.23398753678286943,0.04177205230748989,0.2500555751297449,-0.6193482312141753,0.14005311918701002,1.536222170757162,1.3138643008232689
-1.0591930486818675,0.25417127233691916,1.8316691778970884,-0.10272733889173898,1.8712975776220333,2.074575733029184,-1.170736083514779,-0.07591765808281048,-0.5335104549871209,-0.725509711111702,0.44488305401183037,0.15764278533757387,-0.15567390779929552,-0.034291130040574255,-0.3838993800899188,-0.1842120823423761,0.5663953419332874,0.7724642192108805
1.1779568866010917,-1.2103900100623077,-0.5984153885588117,-0.46162507952139287,-0.7717691442942957,-0.36839076902290563,-0.5072609106894042,-0.702625164022126,-0.722091661244457,-0.568668358389512,-1.400925883764073,-0.9902426908255839,-0.46973427775002,-0.3958548400884672,-1.7600137574688128,-1.2643980216904078,0.0694660492558541,0.5633474009304217
-0.868295329066887,-0.5897099009951785,1.1168863744161863,0.43112570326586663,0.7449099815305121,1.5203499397986895,0.17088018681023667,0.07315741695494565,0.42209255852839883,-0.3542721520187993,0.747918940215898,0.9407954957865844,0.07421127563722506,-0.1840688310570782,-0.9237654562314073,-0.2653906003461273,0.12086889319037285,0.8110605223766184
-0.4605529590195911,1.3878293526181495,0.305288553475184,1.2738764809056657,0.9529586457696567,-0.16732871719683348,1.68519352547244,1.588817795071819,1.112490878300747,1.5114099792987914,1.3804938999132854,1.6055526931229729,0.9350920313753537,1.1427399808029877,1.5873542166661065,1.5177477630042573,0.46519043434037166,0.47092643783163135
0.7497973623437135,-0.2161491484241871,-0.850062379167613,-0.712200903718431,-1.1924107682380003,-1.1768876908248709,-0.10411349925823722,-0.6720466290146766,0.10983194274840051,-0.21323409466307644,-1.2008734780180008,-1.102792536567421,-0.026948086518717978,-0.000689861178886335,0.4205130863496528,-0.047034089771391716,-0.8902289191671797,-0.8637960648254372
-0.7826982141407864,0.8759971951795217,-0.7558028857449056,-0.48658322565942225,-1.1241873807968166,-1.338354024399352,0.39432836702647894,-0.4899537949095329,-0.28675106182792703,-0.7263949182212254,0.749481330727551,-0.2877310745221801,0.5342408581667857,0.4555170723234254,0.6543135676338125,-0.37041961916494637,-1.3688186922084637,-1.327586234298793
-1.1687328965421622,2.384266011373574,0.9709727955080591,-0.8435605224980008,0.03726360646653587,-0.20987908719102089,-0.6957330907421231,1.0329583419493664,-0.3498085845506616,-0.695535208843178,0.34286098694402306,0.14964211686475265,0.411941868664726,0.25296888704259873,0.4756627893704472,0.30073177767010834,0.021243388713317362,-0.04288210838834901
-1.210953942491608,-0.7625281747431424,-0.5341649840918457,-2.19494186420976,-1.2003532912943682,-0.9980334701554268,-1.4388150361538983,-2.344792294042765,-1.8774079924151192,-2.0473742332056575,-0.09671633058717588,-0.9363694718090868,-0.07577845698995382,-0.40098238213042203,-1.1786554662020912,-1.8058050604585065,-1.5644483506348081,-1.4809961543523946
-0.48357949487116736,-0.14115997623692306,-0.5600088648260495,0.7833973771842936,-0.6769070684056491,-1.036365504740437,1.4955380992845595,0.46530483950427465,-0.5313301376795875,-0.8510347455257062,1.5462962069057953,0.38065992408822885,0.45939160804421986,0.509720660986745,0.09662440283430063,-0.3921183703402341,-0.7959923735943056,-0.8215457761306268
0.19470433754107908,-0.6259152409782125,-0.06917747175146174,1.5045512930080063,0.7044683175609715,0.9791686086341058,0.7916982520762331,0.9684834789989573,-0.1760325262987482,0.2172525190747298,-0.4343827919465155,1.2462134927893342,0.09376602490054364,0.1402059932480406,-0.3581321463456246,0.38188271209784197,0.8593395555083585,1.0524912403712385
-0.9117645704167534,-1.119988151409743,-0.7757242975056676,-1.3424273463138745,-1.0712976275112425,-1.3874293972554865,-0.25490555683623767,-1.552158800454779,-1.6367876655325664,-1.8627347740293239,0.42423409399709694,-0.683652384163164,-0.14325303543984938,-0.24867988237491653,-1.2409091749300407,-1.77974893515881,-1.5071636436258966,-1.7357221777241882
-0.9840742169969156,0.011929545389944946,1.0833131848469044,0.10396882157755853,1.7874359012321697,0.5528627790750983,-0.5755886634371828,-0.07886638865594404,-0.20980857198441438,0.3296976059455937,0.510738145883669,0.3670125481474423,0.06770416001597904,-0.11055070961803068,-0.48521939071399867,-0.22531088366061028,0.35088269530971583,-0.3014521028657789
1.3150839849958205,-1.0122568262747027,-0.13437273602758928,0.8263497655265205,0.580700887772292,1.311397304584888,-0.6571255444660603,-0.08568104847174711,-0.24248798795299595,0.37623336500756305,-1.1596916684916372,0.1300643948863565,-0.3218439942759187,-6.8389087375016135,-1.3347032437934696,0.10247522710055222,2.302509104693907,2.375320729844741
-0.42778510370557943,0.5918582068219814,-0.873598096211703,0.6701487174758749,-1.209170086669478,-0.8838033185714167,1.849603473056447,0.7471307564282326,0.02999625075390538,-0.2337542675201555,1.8651003111717024,0.2600700941990963,0.9761297857885569,0.9521882465621605,1.121270178902656,0.041695037005311436,-1.3675420007597754,-1.2361946950009712
-1.2769966615425796,1.610640187524442,2.0263483951917056,-0.8317337896702444,1.1204283858126032,0.9517270721730333,-1.8907010475580566,-0.25506931203139904,-1.0116601879377138,-0.8707860105095941,0.1670725090973697,-0.15434298769936447,0.07183410986467424,-0.2691537485406673,-0.38779611846876955,-0.2703906345355404,-0.19317083411076574,-0.04909580828545675
-1.1035138072970216,-1.5464802455218893,0.7400732826146419,-1.2246348938129052,0.52565930359114,0.10715742409886068,-0.8929669682337751,-0.4369936914783136,-0.9213171032767471,-0.6497274497332806,0.03302272273330752,-0.3394196730008341,-0.21771186535109663,-0.19587238610286936,-1.5142797574202949,-1.3268113884919555,-0.6370061386420912,-0.37002533136237087
-0.6818443227207014,0.10033129683192357,0.02152011051789913,0.42502825473113043,1.483971484324855,-0.4482726396567228,0.3794983688948162,0.6171442485727678,-0.22554304678901874,-0.02757121239043236,1.4873457818393034,0.6276791097702729,0.1910561034783202,0.30060948234900814,0.1309467357630167,0.029281485451058763,0.08531300786386942,-0.12490459620524438
-1.2439335940305316,2.4140379789713813,0.16730913346830908,-1.6387605199736759,-0.6008112129464601,-0.38838362555475686,-0.9806338346112524,-1.5851167012564011,-0.7762988318452833,-0.846769052045267,0.09914849010456975,-0.2420207343172553,0.238919640020107,0.1117042950814225,-0.017538994175049283,-0.09731686088481084,-0.8422506900212596,-0.5365054319419135
-1.1750066111322828,0.27351365279444617,2.5980827334733405,-1.4442719555508083,1.1710625334416078,1.6100206151201224,-0.6697414857735465,-0.6451191148639642,1.1914523438574405,-0.42736690687524537,0.24690581459521968,0.29740833737174244,0.046465472913003604,0.08476901059533706,-0.6987752342145754,-0.07613871848251896,0.7315793372164362,0.7092679210812438
0.6478252277780782,0.5559537181017348,-0.11563111663016512,0.8949928843349222,0.15754890841241218,0.6412986214859994,-0.24258977297178436,1.5922024592979072,2.1499908981208864,2.0729509439476157,-0.6448825401822832,0.663354400277116,0.16562298942809853,0.1878436274816483,1.6550016255089033,2.138133717051236,0.9840386037995088,1.2265876270268892
-1.0851265301394915,0.6358665282374156,1.6898998231459708,-0.3310782380276626,1.2031062669186752,0.8211846718042518,-1.0107773807932108,0.18243529759704794,-0.012007539012295681,-0.014297388494915488,0.4030219105928952,0.43816887556958023,0.1266729336759584,-0.015713468628688783,-0.5120845131024628,0.3802305650010281,0.3359310517067461,0.4289540137238505
-1.206907035768844,2.164719236918201,2.878304667955979,-0.5110903930896004,2.0161280175642826,4.785151470896516,-0.8203991358437398,0.9796303986729664,0.42433740169708684,0.4303837242790924,0.18663823307744334,1.4540203108721796,0.30591869510613384,0.14021095893143662,0.04893871839204858,0.27151563414925795,0.9144313739397034,0.7623624485292452
1.2075867835940741,-0.3109988561012942,-0.824032470774238,-0.7807410471191254,-1.1194202706030414,-1.045171214885184,-0.5408547731754917,-0.6654485732832447,0.41657274022718854,0.12992567500484434,-1.295508078691374,-1.2377247655969579,-0.29098740828414565,-0.23261806891392772,0.46673499216751574,-0.09241675163551395,-0.6692716120677071,-0.5212285852202863
-1.0135323196291546,-0.5112565088111494,-0.18267377791152697,-1.1818490376720463,-0.6934833434085604,-0.7085919119839703,-0.7169743052695958,-1.379997153442869,-1.5257251423824298,-1.258955601631032,0.24444538902736318,-0.4343299715832254,-0.020192147227002476,-0.24907233849006696,-0.8532182170243422,-1.3476172639950013,-1.0181741166742164,-1.099776333431995
-1.2924021451615515,3.296637707215133,4.750890279766541,0.05924776764192546,2.2138365186452513,4.556986312125766,-1.0663273978876964,1.0351994293035216,1.3640613338568681,0.8019506212002966,0.560967519063751,1.4830737076052825,0.42772228844664373,0.8916344802962027,0.09486888745357339,1.3168498886563889,2.330526158897484,2.068849498827516
-0.1251147553750425,0.31815620278404366,-0.4425552379522241,1.3100818830014107,0.022215594489317515,0.1851158533251553,1.6132915315150393,1.2382789577663589,0.38723525457378827,0.2987981019725489,1.0646480775633786,0.778325388293204,0.7402770302247723,0.6662703102615397,0.9556222583953132,0.43484722206925674,-0.09281663532596125,-0.48922967643519705
-0.3478044438900643,-0.9839444822417384,-0.8966132152269389,0.7863146297028604,-1.173900382729277,-1.1368208366823809,2.0966362300674715,0.1935850154733948,-1.8233870981268046,-1.7157519503136929,2.030322406142725,0.08523580782145757,-0.043737464698495106,0.004126926873744712,-0.7121973103677437,-1.4197535839636235,-1.3523478001926919,-1.548878453997297
0.08080227781581431,0.01026379460116779,-0.20761316831215104,1.5967404552369484,0.09305857026611272,0.4296042864476275,1.2444587705812618,0.8723197188375379,0.41584277534073877,0.6468299292426335,0.10227850930076633,0.7649688159754741,0.4091413649827416,0.5402465828137342,0.593405002517495,0.693029343318485,0.33734209789753894,0.5858717317486163
-0.8140558080222373,-0.8184259418502033,0.044964057901847404,-0.27440780953485533,0.5365954998373049,-0.2766091633481169,0.21756841885456574,-0.5704104375816781,-0.7907762866254603,-0.7597718466722073,0.7453812859654595,0.14432065611905046,-0.1127187422131368,-0.12569694203885448,-0.9326885668152971,-0.9204612990205454,-0.4839582136471961,-0.3339784139598915
-1.1145838031034363,2.1215389540916165,-0.10077514266547564,-1.3897756852584977,-0.7779664328125632,-0.6404238810313135,-0.5551113298493535,-1.1291639197401635,-0.3690728669057887,-0.6329914293650118,0.4516535907040636,-0.23352039725271623,0.41513886295542624,0.2588963512851854,0.264762084036368,-0.1897674479414856,-0.8456345319534601,-0.7740328275665068
-1.255284354578076,-0.6659207631209307,2.169200163457522,0.15513393970800426,1.0464624671854945,0.9845301850498667,-1.214129134902099,-0.6460776046200789,-0.6658687725589798,-1.0088927942830774,-0.18700484966191255,0.022267811978667697,-0.0647280325491119,-0.19875803709294976,-0.9102541061333123,-0.8617968819517935,-0.087533510264783,0.43970016285607705
-1.1269278231942625,2.5393361657045133,2.7965222965215757,0.04507781847769633,1.2985952340357876,1.2160520760871836,0.008022835615564003,0.9979125451732319,0.5005677516030419,0.7659965591792017,0.49174247886158795,1.278804988108507,0.5472561213183256,0.6238640301261564,0.3672395597723184,1.930222933631795,1.742177687734076,0.8501356755395274
1.33989645670723,0.08414257722842948,-0.9641216268216222,-1.1485644849924732,-1.3933771728896978,-1.345881339044716,-0.7856774609602079,-0.4623413196255022,1.5666671762496196,1.2252500584205197,-1.119558998356272,-1.2943389359532498,-0.40166306661056084,-0.28652839597412927,1.4754296621727276,0.45601519574591487,-0.9649520625258055,-0.8683077218290775
-0.9335524582913959,-0.20844229115855936,0.26033190856262806,-0.7448776749396991,0.3423621924378416,0.36086740825895386,-0.5043098739238755,-0.7998552140014911,-0.6003208263856579,-0.7468574516752576,0.4113169689959074,-0.11750678002264836,0.09786739005619936,0.10557534823443884,-0.507572728213263,-0.617534468906611,-0.30181474206473713,-0.2747091287369992
-0.5114673036617418,-1.1976029012389322,0.5051441134130467,1.0676276019589168,1.1227997276623292,0.7335209336412445,1.096327148320761,1.3446228766776274,0.15370690450043026,0.12132175175038885,1.3973995934601688,0.6510664609597001,-0.05670268542309246,0.12556582922922854,-1.105409445072463,-0.6416235404995538,0.3171103945050247,1.7068204383298091
-0.7388608994976026,0.35992598401621617,0.8483714627401959,1.6376056465984736,1.324900302551695,1.1815163194057274,0.542991437473576,0.7175044425604928,0.4916275620908636,0.27519418544207896,0.8660527611924899,1.0778400018772618,0.4833311612791157,0.3571853030401414,0.2684507515085076,0.6346356292114272,1.737867023550249,0.5023528187750486
-1.2162493471630051,1.5037629257335632,-0.864918367033637,-2.109757893595099,-1.254649425860982,-1.360957479337241,-1.1547083096145165,-2.1644680582680853,-1.1978017987565117,-1.5006469164437093,0.04830169144137353,-0.8246500244298285,0.11554078254965958,-0.1741554816087374,-0.28668607207761804,-1.138373866865391,-1.6702055873839405,-1.644114977362257
-1.154430463157991,-1.2734883511166823,1.5369156014865353,-0.8561460367603085,0.9999746382642442,1.250214974792476,-0.7205575895610044,-0.9379266568351801,-1.0246012410673633,-1.1249372487446792,0.25038173917859424,-0.2864958315932849,0.04835145546878136,-0.26626091177548294,-1.4859174509463857,-0.9113180778832856,-0.3453080737275005,0.4438951046273985
-0.44952109052604894,-0.27769838501123517,0.16233043999993246,1.302889432038759,1.613147561396567,0.28555585579324805,1.4679033257055507,1.111778660865228,-0.1330601082983294,-0.24777722536591473,1.6410627319772138,0.7689195770192488,0.31580893595718373,0.6146435278695026,0.10384471820496631,0.4908795563786522,0.46392335117259104,0.2521115935689334
-1.3010290204858876,2.6460383478632923,0.9939932248330995,-1.2671215505890945,0.22520966184441127,-0.16901359963765913,-1.301703368841268,-1.1530024205506193,-0.24884576493491614,-0.7524419805586798,0.1649472340419527,-0.32416435377415237,0.1798771765864258,0.15612927325714512,-0.09592888994299652,-0.12264427931816359,0.2910740985303351,-0.2689558165956184
-1.1342454445222354,0.20777860161252185,-0.32119304929563086,-1.7485171448764625,-0.6457650716297797,-0.6858032633686361,-1.0748841816713677,-1.9780255461334053,-1.3465701775289907,-1.4829496231592108,-0.025992625147504476,-0.7028012595332345,-0.025367122873483094,-0.2416491798492847,-0.5864462618929838,-1.1592968779436992,-1.3733800020073914,-1.2682178033718152
-0.6125196168043175,-0.4132687424047613,-0.3065241038862012,0.7168669468552151,0.41910870704100905,-0.7662185197285716,0.7842992900476156,0.29614664962667336,-0.7780145299390645,-0.9237669575484372,1.1724528995963086,0.29840914691057646,0.1579213953757617,0.2810836204413513,-0.2351236633863786,-0.542406961195238,-0.4931255819335446,-0.700795010945853
-1.0412029923748203,0.5687677818353343,-0.9873263669910146,-1.946312698672569,-1.4533754708535407,-1.6014280805912524,-0.8210570320620744,-1.976938862998332,-1.3587808703542859,-1.598637752548109,0.22077080240303468,-0.8142326253390462,0.14260951188319085,-0.07040213890049021,-0.341918857825969,-1.2823308195612346,-1.8373939366163792,-1.8459838638868298
-1.061082194029836,-0.23946759843960555,0.8853749039231429,-0.42537703868611043,0.7830097306787022,1.9748823399935385,-0.9584231982016282,-1.263838474586458,-1.0445960794172615,-0.8825864076432577,0.071687030875898,0.2545273606811559,-0.0575094920513236,-0.12894715958987416,-0.636414378108273,-0.6830185595086912,-0.46257723862416944,-0.23865729104527833
-1.2288489799456312,3.0775484367962957,3.939699170170956,-0.4040041939388205,2.2806547855035206,3.472304251744437,-0.891535198619525,1.4261939953557377,0.8934753510583996,1.6446658220323285,0.5794884462404923,1.2305544780957742,0.47554410820899906,0.9400168204102913,0.4857242740251205,1.0000235744236106,2.2750873496017516,1.027405761196129
-0.8877015449371101,1.8599999053492478,-0.45215320588375635,-0.518517822501541,-0.8671830904657845,-0.8112170437609044,0.21906597602533703,-0.09319701528609348,0.2203581966263838,-0.1190688312302367,0.8108234336411907,0.09259347366895104,0.706342652791429,0.6158278900795191,0.876381816290149,0.10974878385043309,-0.8405802992185791,-1.0127504116848698
-0.41146068135575536,-0.5944251940345298,-0.768961339942991,0.719988121943488,-0.5033848280809948,-1.1230128955280678,1.9136833748590243,0.13491128000770067,-1.3450965531348007,-1.6456245716494762,1.7382143574116073,0.37518250409553494,0.1499343753219627,0.2212577622760485,-0.2448793197292287,-0.9494800383526386,-1.0826301207528604,-1.2166660482431266
-1.2343288236216192,3.032100010382503,1.9285016762854066,0.11437714426428183,2.5814934218434598,0.5327947725645156,-0.7388705014477371,0.3905891182766362,0.5699087465219421,-0.07975976643139768,0.38625820102584174,0.256889011709793,0.47375651391307777,0.4789082911674808,0.11991886306008642,0.4886039273460531,0.32757720760153125,0.5155154372602624
-0.7698153432074175,-1.085956490439328,-0.07517179672327857,-0.2630412279316853,0.3282735020423026,-0.18144448494878646,0.5270592930392565,-0.003349193433078589,-0.9736985844729994,-0.715116135731782,0.7420028188156336,0.0985047632515058,-0.08984878867023954,-0.17490162791953728,-1.1110116155826097,-1.3050837503787602,-0.27893836213313516,-0.666381345377645
0.6052722708443342,-0.887005519349109,-0.010967655897750589,1.2069523173161094,0.4757663734624046,0.1598740145268712,0.21412860321276242,1.010176526753309,-0.01154978886492773,0.322169699801575,-0.963121139439439,-0.07854581778219845,-0.18657563024140703,-0.0333649861731307,-0.9078189688232321,0.19372116815030893,1.9659165915400898,1.5128510832202715
-1.113099426715993,-0.9336317813450898,2.4644831721950466,0.35766753988915617,1.7693085143944285,2.6609292454023223,-0.5366407444270739,0.23322903420128768,0.7580713445559415,0.25695756485766336,0.3239811272033417,0.18723577603597227,-0.04203765587870482,0.02503213603605355,-1.0734570187987305,-0.5660410813279885,0.4003716673573144,1.1234527928845102
-1.253491790729053,1.237693322508366,0.07039302550324028,-1.8375252606556174,-0.07827734450667996,-0.16000390549664187,-1.4487542590680054,-1.8368250720608839,-1.1530227016045709,-1.4612736617213102,-0.04643872524320972,-0.5612248670096432,0.07062585877970735,-0.2957919529221578,-0.4170554125479258,-0.9868845607763189,-1.2284241648918595,-1.1225180941442932
2.026931165544154,-1.0499567538561465,-0.8331459215907839,-1.1317116089158137,-0.9585454721811462,-0.6989258638510831,-1.0438035301688369,-1.347842424887434,-1.0307520379388821,-0.7801027264071325,-1.4238029197171211,-1.014753456234703,-0.7637362404327463,-0.7206829028189403,-1.403638127653299,-1.3438034426412488,-0.5540554601166371,-0.35599276606826713
-0.9543027305595723,2.1767270374789853,0.4868859546291822,0.6087584446708812,0.20437691913483846,0.022194978448957764,0.5882181264522536,1.3384266577027062,0.30249714614832557,0.2924493383378559,0.5917335550260101,0.9321490950272465,0.6513915302760713,0.6290885622178011,0.9257540971203606,0.6589232764427033,0.16427498861554174,0.27040847935921947
-0.996934318838009,-0.6312749061758142,1.8166702426077155,0.6116832093909963,0.48019396582237484,1.373230552247931,-0.4081219485549904,-0.19563532933794883,1.3878326352711818,-0.13974037907380202,0.19099833404992264,0.41814473710679584,0.08321955295963121,-0.03474390442651652,-0.7988725325486776,-0.04289084433413433,0.6663488441923474,0.9197012134881996
1.7242339683990549,-0.668293353313592,-0.4752707916360831,-0.4856720332376693,-0.17442331296412467,0.39911600011064224,-0.8937242534755574,-0.36546097157950364,-0.04563710540886129,0.1084618354563948,-1.3253922389340644,-0.06660193842971887,-0.366269159081113,-0.4216907274423741,-0.28594958784893554,-2.0109901468035005,1.102706471699511,1.799583254663159
0.9438456911616778,-0.18349610431692998,-0.1502500410428913,0.30629309191840975,0.39223812899403376,0.6613476320558942,-0.3684493684773347,0.7264561865250677,0.7462883257031205,1.2815045814105614,-0.9608034888475725,0.6091196843719173,-0.08433452006666457,-0.04418125151856803,0.6679467056022509,1.6117280562034932,1.4032051165734658,1.6085577268994233
-0.08291240503369232,-0.9698323824336275,-0.5403557349210895,0.9947498732862959,-0.42207578240841537,-0.13484848287070758,1.634053127886639,0.5640778302743709,-1.0874506562860173,-0.9913828707194254,0.2789882940314226,0.544996233676064,-0.01054884052507021,0.0655160852669493,-0.8000813910259221,-0.9238486668197933,-0.5038866689501356,-0.3682593001980512
-1.0824286297529602,0.8392998473082883,-0.056830410649363325,-1.4629361860750896,-0.8523035022848099,-0.7305347846851894,-0.8401067762338347,-1.3826374971972666,-0.3871161670992996,-0.9892328246027784,0.36547308699434566,-0.7264501043150661,0.21129278107724717,-0.1310767098601332,-0.17052785037749685,-0.9027203202059997,-0.8186729455409165,-1.024667461421829
0.33920468870622184,0.01668635271166077,-0.7916016442249734,-0.09480146266344805,-1.059573616990834,-1.1373674640970153,0.43418410742434677,-0.06115813163581046,0.07309918551160276,-0.04093152417917268,-0.6335247130142895,-0.6168879520935063,0.2847257183209569,0.29457472694467496,0.787196307676279,-0.02681530353982099,-0.9806439765347069,-0.8368936306900322
-0.805762150565715,0.5866303298886788,0.9903864749251085,0.4221191721873397,-0.19910094709132936,0.27242084080378226,0.3786771409159596,1.635390557272474,0.3652608183789946,0.09046657756220448,1.0371066778089517,0.6450836104369886,0.48009517948266955,0.36258977189343594,0.180104644826509,0.5934983797168635,1.139529535137443,0.9147632417127143
1.1356212778079104,0.2222971448480809,-0.5012858117001371,-0.04137494315226255,-0.5167803276807739,-0.1272209852776782,-0.7086224124991501,0.5898328417613992,2.045239356023483,1.7464631039384149,-1.033501226054552,-0.280891611431979,-0.13740665108963054,-0.07993870505177869,1.6059399144486224,1.9399479143210026,0.6112948153208186,0.679815654236404
-1.2148736386077357,-0.3896238814486985,1.2343443037530601,-0.6525004452330879,0.3674015698088504,1.7583485718379168,-1.320996068793997,-2.006561183033587,-0.5933595060961477,-0.8539954631957872,-0.11629162778242956,-0.34626416012019773,0.00818818754604839,-0.3440728328178086,-0.9617455075971836,-0.8293863549773769,-0.5780403506083373,-0.3358856750434072
-0.8774595643260796,-0.5454585937435548,-0.8832262786939159,-1.3984760996791037,-1.2353371085342315,-1.5082044437168503,-0.21856372052266662,-1.8195519143108765,-1.8308190940428901,-2.070203833075143,0.4073846337749715,-0.5805235168340173,0.024703398484317858,-0.06703090300936883,-0.6973853996998002,-1.494794141394816,-1.6213944996533407,-1.578962190935505
-1.2995511067777858,0.43402174730656357,-0.6383551877902729,-2.523526193968599,-1.208480045058936,-1.2614385599652105,-1.6437799067656593,-2.7295768388251793,-1.8816668888612704,-1.9929775898384041,-0.4086840463350771,-1.0233097002368914,-0.04117331388108746,-0.4335406616962524,-0.816984844988276,-1.6771167914698761,-1.6087192754085502,-1.691354649563513
0.23748157939089526,0.6312776187727726,-0.17408474799084112,1.137532044636516,0.29041194361000083,0.6977539926387543,0.3446917501872218,1.2707331470821481,1.617443377083437,1.5719388596426127,-0.3393420866073585,0.35894078775377397,0.37430637214069773,0.46300460926317877,1.7850415147114551,1.475889431808653,0.4587937498654051,0.5297421167660001
-0.5519007887243575,-1.5019775271887992,-0.42666013922867674,0.2783726916655966,0.16045043539312898,-0.3213827135951932,1.4915906202857887,0.6387501851982171,-0.41993953720196114,-0.6960263592261167,1.4065028394054153,-0.037471981397615976,-0.27191774184989576,-0.1486548966849085,-1.521640833202562,-1.4729313466396157,-0.8085788925714251,-1.0585533425128324
-1.2624765275647736,-1.109264317106547,4.1795809400359465,0.151620787520215,3.647475213220641,2.6697674343685467,-1.0623290782315096,0.754024899418714,-1.323189116508629,-0.04774636904549084,0.29571182328076795,-0.04538845811894715,0.046309264923692216,0.17128699179307644,-1.1391055032662099,0.33998272335973345,1.180765276596802,1.7612629739319359
-1.0625601825952273,1.4691183220498012,-0.2809847735896838,-1.2456064687708073,0.5147495350579379,-0.6091054374476523,-0.5296264490422068,-1.2479715393742272,-0.7703190586679293,-1.2685580890615575,0.37150167977078064,-0.7180194924171625,0.2986171590032568,0.16554827114401205,0.04546839491455673,-0.3642788995726717,-1.118418997044216,-1.1267784990186012
0.4143398642327523,-0.471421929558951,-0.5929521223701105,0.018752081631822983,-0.6446836412574992,-0.6537531249073101,0.3716196500136055,-0.1318646338400442,-0.4767665333530517,-0.5190018229777095,-0.7932611081821225,-0.652539487562521,0.054586405062460375,0.10260774722570871,-0.01244678313703494,-0.35462224398687864,-0.23372255200986075,-0.5062935102783509
-0.8894877209640811,-1.3286776877654054,1.1806580655753471,0.01011669458522474,2.295474738399096,2.0036672708145593,-0.443900010893162,0.4294854256251996,0.46299741916576076,-0.2627306029061069,0.6505697828730561,0.6033325978760881,0.0073606870472073685,-0.15433766041384167,-1.4705686111799432,-0.757378878863527,0.8396963811788293,0.46620650860493557
1.0061835545178806,-0.7786508533479218,-0.36165239700518637,-0.14038986288988464,-0.0013110236238970654,0.12355936035753903,-0.345132191239774,-0.28111577329491577,-0.30755944352429165,-0.025749081819169378,-1.174051816094331,-0.36976189420599986,-0.28975837043038266,-0.24414281457633383,-0.6791626129906223,-0.1312982373686379,0.8485572399266628,0.9084014545404063
-0.7291541859363718,-0.9790775054140868,0.9527929985471462,1.0478035383087747,1.4157550546940882,0.5459617000507144,0.5025955381817631,1.3970874687909607,-0.0013457918359165268,0.19086679083342456,0.6814507716192848,0.5210539632407744,-0.14300289804659339,0.06492872936488767,-1.0386397164201133,-0.6645638971832041,0.823106649498571,0.8714875665120286
-0.8696727094349592,1.120561048967434,-0.5159246746215644,-0.8759304815851421,-0.7668443620316535,-1.0776370334365748,0.053504517498067006,-0.6038593915519781,-0.4805264361951709,-0.5704567785919454,0.6855186580583729,-0.31912781948654434,0.43185893743333614,0.4611465292438815,0.3978008968110733,-0.09626028114235823,-1.1433111190593295,-0.9909538382099176
-1.137767373953476,0.005518413498206342,1.6636592886819088,-0.7359011245703031,0.9645906724268556,0.9990084059446809,-1.005334951767984,-0.9112205186000022,-0.4327920031531245,-0.6365714749763857,0.022689506193875567,0.004154915041544345,-0.006978825657363578,-0.14228378969949182,-0.6795382422126318,-0.6937561371563287,0.16788376094662327,0.15017642700869138
-1.2852614490377186,2.7725035999638474,-0.7593704894947569,-1.9550013909399078,-1.20091454643214,-1.3714469563667095,-1.1498597215599933,-1.7632506225500124,-0.946061149874981,-1.0205408923420176,0.07809115159515724,-0.8361523273707048,0.2090705362098464,-0.04059181721924634,0.25629222893690584,-0.7212124145101347,-1.1051614583719762,-0.6186930854809791
-1.170217210548531,-1.152076248797085,-0.19537997304148796,-1.5271258897554612,-0.6191842091475508,-0.6448117586606635,-1.0888330628762461,-2.103041447502823,-1.2875461068860792,-1.7947096307762653,-0.1941561444054018,-0.6288950696520653,-0.043431672310159875,-0.3206470165498322,-1.275388217284053,-1.7937859489108046,-1.3340225668683503,-1.2113467373159559
-0.38727536401721807,0.9804568619666805,0.06450332197537179,1.481029370573093,0.38253427536875234,0.22080464975141686,1.478351192033485,1.6442390383454664,1.0750343092493762,0.9348820425209979,1.8900996464219377,1.3875879328778646,1.0745208483355375,1.0990191817840345,1.531197664153814,1.4154481169049318,0.30975205560613905,0.21949642362025257
-1.2127465936741357,1.296449587838289,1.0986389613639416,-0.9781482427895248,0.7555680233383131,0.6605043658305698,-1.5808291523629199,-1.4043083475431133,-1.0885967929287506,-0.8383100260566224,0.05017261767079947,-0.18519359417393874,0.07952340972779276,-0.2650863519636979,-0.36581083199154574,-0.4940957974529935,-0.03989740129114899,-0.3756615764709018
-0.6290094488118869,0.782318792418014,-0.4031892788610074,0.21773026826175304,0.129063656674458,-0.7842840184741235,1.0872376963585144,0.6742255825841446,0.07150363967680812,-0.03995285393800661,1.4496065532333378,0.2167823255535722,0.6894505831305635,0.6536580570320955,0.9434630360865678,0.44110831862612226,-0.698636873138128,-0.8296801768015057
0.9131168486086119,-1.0730672799799859,-0.954617986395792,-1.2165459844383537,-1.3919411541119522,-1.411211788726783,-0.2316770094323505,-1.2690768644893013,-1.3866984612670077,-1.429908000958743,-1.3988722778309859,-1.427468321865597,-0.3902151418606626,-0.30032747954617367,-1.319898204577704,-1.8431026156288894,-1.2777080098054847,-1.477093836736132
-1.0185285259518402,0.9352679487731886,0.7518019637005444,-1.3560245103455482,0.5653274382752035,0.4469068422099106,-0.6870179211690406,0.48061623356529637,-0.630928652402007,-0.06127674293060308,0.4494636117992649,0.07059270832663984,0.40045999430648377,0.2093813933216676,-0.05677299188000856,0.14122293829508378,-0.10437086926046076,-0.6057937719463373
0.49134474716436605,-0.08653601222115345,-0.2661287857236598,1.1318381504871906,-0.006680725795821639,0.35224265497045254,0.3862554656503578,0.7338965967277193,0.6661570997264781,0.8742816343373758,-0.7249908294197484,0.45497546932054234,0.0820301526551489,0.1870956792405823,0.6340908643106448,0.744999423310475,0.7271250700652822,0.834449677510189
-1.2710297214826962,1.890939452347456,3.80495541784715,0.891409376721013,2.269536832686379,0.6124916272719169,-1.19001602057574,0.25823099728180415,1.2094883980290891,0.5536844578179554,-0.19911948472635463,0.8532318063312833,0.3223335490413178,-0.02031130200639986,-0.3371523015094622,0.37673222458453764,1.1391150877468643,0.7821883107371451
-1.278372457431354,-0.4586449839018713,0.3939999825683338,-1.8387539596880336,-0.11496419892881835,0.4630215754555463,-1.3261578077782625,-2.2549581319649854,-1.405670931819807,-1.9865338109732882,-0.2784829812092676,-0.7253648552086742,-0.0788569005217328,-0.4252923923512847,-1.0492654330654665,-1.201902144172215,-1.038227789070667,-0.9687941447674551
0.14288193342750813,-1.2786861595685837,-0.31249012574084034,1.1800117201155658,-0.2216604218983781,0.4443763795305389,0.932137645446871,0.5314973008125409,-0.7871711946432055,-0.06182126511532774,-0.34429455187351377,0.023063980118324282,-0.1360091870261566,-0.10909639710297256,-1.4985058528360826,-1.194428934184283,0.27424050568578456,0.26114390321379316
-1.245411595072138,0.703888007893886,2.266571804255006,-0.9394721018289629,1.3932751005572113,1.967923517532584,-1.2571000953562996,-1.3064971264582164,-1.0161844464568737,-0.5801782701072755,-0.1329871074340977,0.07792195184999655,0.083637282272121,-0.2209424182549679,-0.8423679368492297,-0.6067748812925992,0.05055107765288115,0.21911238585689433
1.4725769354047769,-0.3199780771658767,-0.24738918201974777,0.32572379771700943,0.0009059686853211332,0.8294869101851805,-0.7933551568235695,0.7629223443925958,0.9245449108982139,1.3852358036079035,-1.0520576283837855,0.16259823879184743,-0.1890602522500755,-0.18379645441343298,0.6932955284649623,2.0272464651602733,2.0397794049927254,2.3854993778701528
-0.7678030794513147,1.8271475731044315,0.7145375666651118,1.2003478309330449,1.6979133783539302,0.23691689655523024,0.5928631329368194,1.8473223643295194,1.212214960871835,1.0715484311823322,1.1846663438949874,1.3154774584567555,1.0937842324421871,0.9078979468373733,1.04929946519427,1.4040741371810854,0.9343389527344611,0.4913133556973084
-1.0837508091080068,2.530817425172183,0.5235401456331437,-0.7409828188454928,-0.474859842492227,-0.14202654279500268,-0.28290751118064245,-0.27537486104225883,0.05978829426345573,-0.2521163079004667,0.4528372266357712,0.5021619439455659,0.5611420417401273,0.3116873501903331,0.5663373533838967,0.4472116923684578,0.13737100357274015,0.043030729121411045
-1.1628166847722465,1.1182014956301896,2.6925741428606234,1.485216158271692,2.9882309517901784,1.7600877671979724,-0.5917800939999669,1.2800867611906417,0.0445422368346042,-0.06366559185939574,0.31331851265429655,0.9597930012931195,0.1956060169623208,0.14963557861877458,-0.19955419115495884,-0.0027749277412459864,1.103491872018837,1.0150591348329754
-0.6746265578980971,1.5468482152659264,-0.16455086521166118,0.5729107945378843,0.8521057442750127,-0.544510412063773,0.8868806726226653,0.987654240664774,0.6945964264201436,0.4283982020419634,1.2827824900218772,0.517368131796929,1.0986014685665824,1.0681444364861152,1.401263976233768,0.7927470755109561,-0.08240222394481297,-0.5680033705420298
-0.16279492694244743,0.7497135974376239,-0.2859634670580604,1.085816196117133,-0.18506972971617944,-0.060591334280356554,1.4419151344512617,1.50963904579172,1.0938774709252166,0.9916625856896653,1.052909228076218,1.243270056231189,0.9785358553015254,1.081806973616698,1.497760777923826,1.1062442927305676,0.0060534692547177,-0.18384246389969663
-1.2910198865934357,-0.219171784720059,3.118086348212089,-0.05763930634593405,3.1255225652296876,1.3665816616348687,-1.426412619717672,-0.8549291272158782,0.43214412879788194,-0.9365364466975039,0.17626365016253928,-0.08019194699721201,-0.09430183827353848,-0.0528395099345771,-1.0584915249054851,-0.6416343323801169,0.9178596766920546,0.40901260213199003
-0.9498249671108324,-1.3937687094777307,0.15611149726418755,-0.5863403055031177,0.7381558377373189,-0.0625421403530242,-0.1464902956060355,-0.36008786824553957,-0.7817427260636131,-0.8191959405311241,0.5027791083000683,-0.276068655742137,-0.1864602656307159,-0.26271854609421835,-1.4114291806383161,-1.2290695436135184,-0.6064474390872595,-0.7636562798701212
-0.5215628509379588,0.25562000819374553,0.3776939603949956,1.2749243541206174,1.8582042673731625,0.8983749039325991,1.134446283087246,1.4612968126267674,0.30662334909273237,0.299011134184694,1.6244733441706785,1.215838936742055,0.5352701530294708,0.7452382667368288,0.6708833367548239,1.1723450142371017,0.9117300967087681,0.9023896536136922
0.9766770722431374,-0.9457026366177665,-0.326183114055683,0.1352238079353028,-0.19204418153746594,0.279465148551103,-0.29440464174789704,0.011560011849718737,-0.504488868569141,-0.07402792460396165,-1.2879306134560062,-0.24488154841170548,-0.32585189490057886,-0.20292735747816218,-1.0896956410771357,-1.9692692877269498,1.1109052320572583,1.3008311490536513
-0.1416975071124709,-0.15613795725212323,0.10042106197799579,1.561454328853365,0.5767550272371867,0.2857239351612921,1.671833147563417,0.9806984321985227,0.14154526644637266,0.7876957082665358,0.8931625500103728,1.4730846912179618,0.28564404697024426,0.5266646746907389,0.37897816669775175,0.19671013114116143,0.6033901810180348,0.9676594116373606
-0.9678362579357164,2.115081926398325,1.1361599144794692,0.47156364032593534,2.2918030409639494,0.31642416249016997,0.2282645714825347,0.42966767909456977,0.701724544434954,0.8289984286565424,0.8103701335337586,0.864029523194991,0.4797111086152575,0.5093904636283297,0.6092850477694588,1.6866126169601794,1.2845702659465712,0.5895933542270019
-0.6210484166029684,0.9924638547613565,-0.9413735732954136,-0.19294415777083115,-1.3130842631419282,-1.4795922536748283,0.8925380961915628,0.09594131827534554,0.272165804366239,-0.17147097044069465,1.3570393597007928,0.01973942504980856,0.8473598246439494,0.7556099853785795,1.1536595819364008,-0.06505255747291765,-1.5596387295359135,-1.6535229194169105
-1.2931195587114455,1.0939946938232417,1.2865869717440321,-1.1610230479273793,0.6123349813643828,0.5400679345049946,-1.2509579184894017,-1.541073315647405,-1.2173745595584702,-1.1116434108788475,-0.12550260983953324,-0.1349609460326833,-0.02150805464248501,-0.2285161111231197,-0.6434654298317123,-0.4949879656756668,-0.5171381495129403,-0.4885065063988928
-0.711049404594795,-0.04137638911626864,-0.36840811197255385,-0.632399071292761,0.03704726192468042,-0.9765394220829673,0.18390533114724256,-0.46730309573543366,-0.9938470182525775,-0.6185466193761147,0.9431400142765787,0.13912931209874319,0.26862942191217015,0.2571803556768053,-0.19600726638638308,-0.4810620672031087,-0.8680610394047695,-0.7908367470760236
-0.03532076962253504,-0.8707111635209848,0.23402363984589036,1.8013146485715819,1.0790257102850118,1.3235746766961958,1.147578098036958,1.4012343759557395,0.008119405496033167,0.5601661615047642,1.0480824904125283,0.8180781678680558,-0.06980334133393415,0.4061557876068162,-0.8184831307376549,0.27322562823042074,1.5071975239096087,1.239932720871521
1.0926125928136965,-0.5678692908942111,-0.9904212906122631,-1.1741963547368157,-1.478218515024569,-1.457355581065616,-0.39462922880424,-1.1199052986340565,-0.5999883157561035,-0.9287726042491328,-1.3895156950649858,-1.4004398454588,-0.3195066303660267,-0.24002087062054162,-0.12070773723673799,-0.9321555310191875,-1.354455383512929,-1.23482387247577
-0.7991146267424561,1.2498519550313727,-0.8231826265868398,-0.7534141875948598,-1.0694186579133385,-1.478519786174831,0.318886026358982,-0.5198701701588825,-0.10741816865568307,-0.47460590742919284,0.972688214238822,-0.21373731741197693,0.6467397210527832,0.6085397355691529,0.7007251893463817,-0.27299285246792604,-1.4523963611754733,-1.4481819742599156
0.165448071995172,-0.44438336413951746,-0.34978293015346007,1.1933081160678016,0.00982489122696196,0.3012071031908272,0.9961399318265335,0.5030594654010887,-0.6290381536886954,-0.20291533771322745,0.14058250039390024,0.26496330802847207,0.22528659873522128,0.20083183086140965,-0.008651969767382502,-0.0020582699168798513,-0.09023490081285257,0.17825703648974797
-0.5192746039501039,0.37400237077127874,0.2161949627934625,1.2982558389462344,1.4605197978805415,0.3804910150247683,1.078596038595979,1.2028924346060414,-0.18037099122904487,0.4432940569999743,1.4252655485955732,1.3746057380036236,0.6586038784420424,0.7884576176040616,0.5413346652425307,0.7495719567900764,0.7280894670368948,0.15044032032402546
-1.075180251417934,1.4896865389785008,1.8702796759119473,0.0003844951523148391,2.614689084419099,3.1952588626053124,-0.44444926748098984,0.6278579044203825,0.047948181914341984,0.7039215186893896,0.513744845026396,0.6469315535759099,0.22914884779641784,0.1804010843400985,0.025064903232461393,0.9652766991913794,0.5665356302181711,0.8201961825526004
-1.216782424637082,-0.018643153406731207,3.0732282081562725,0.0019253410173491843,1.4803630721113008,2.4505495798935613,-0.8642660973092767,-0.17714003161346434,-0.4610998621887673,0.4796601485387184,0.0315636085608755,0.6797983629289831,-0.007298189296574923,0.061819623231349624,-0.6156854072009214,-0.011884434025878911,0.44677181984198033,0.7533969727647483
-0.9283984184924905,-1.267031950054068,0.430487566077514,-0.09147879438325776,-0.07388697431881511,0.31721468692897936,-0.24037541993724432,0.010650306378096334,-0.5567554259366884,-0.6659355475350711,0.5683540655736811,-0.12378964870030108,0.0056432931628614,-0.12709679495424187,-1.3672033417307368,-1.101843177156039,-0.2571827885137709,-0.43100860336156793
-1.3020721256269294,-1.1709087917654255,4.9312283173181415,0.014697853182933615,3.1251349434981104,2.1014532862307496,-0.9662600399558513,0.6572309577006771,0.03615646300362385,0.42334881920472445,0.18888121219417645,0.6452324894561712,0.03126712708976584,0.1906576251502803,-1.3033632715640695,0.5294172620883727,1.6547054072876441,1.4294335016376938
-1.2607537369478323,0.5777918216799933,1.9917339331073756,-1.0101299571599323,1.6062409700484774,0.9929094593728223,-1.3643193147675192,-1.2634753170886202,-1.1159988081183239,-1.1361721154619915,-0.013258444844834837,-0.1464367356702625,0.08013963334808721,-0.4060719382236761,-0.7212893271798958,-0.5371650249082137,-0.04750465109824379,0.046304950223088163
-0.8184956032298448,0.7303997678403269,0.34108448998433455,0.295393287618194,0.33090970946792575,-0.26492039120991384,0.15668421861074597,0.6624656936077451,-0.031172707521112175,-0.030798094617139872,0.7542901642598763,0.7581926567111971,0.48773703640419896,0.4158706489875179,0.3827692377748444,0.11168733701092995,0.13562136896442287,-0.2261698434804948
0.07237495331142142,-1.3970724385878492,-0.9664905671464614,-0.07041645277178243,-1.3456557499095554,-1.3849389141823851,1.045945516913081,-0.019162796738774353,-1.3698211849941095,-1.4677163355640799,-0.22613026356324584,-1.1214922271185368,-0.2979701994913503,-0.2005495820129083,-1.625912495143607,-1.9500662288301494,-1.5114060886760128,-1.4840993461816507
-1.2274856602718025,-0.24592462613289692,0.1181376386684781,-1.838321519309827,-0.6701406655464495,-0.4304091418382128,-1.4687735475371244,-1.7185832294796346,-1.6026960902375318,-1.6502590838440483,0.027814997659990234,-0.7117646022701897,-0.09776742255068797,-0.35851633211194417,-0.925424013124424,-1.570701902074678,-1.3599475590864296,-1.141819582724331
-0.3432584511408422,0.23891358884428707,-0.2487925495469213,1.4094926753115122,-0.1660690677125621,-0.3087441520188049,2.0213910583466417,1.2424273793599276,-0.06424455673612153,0.24274414417319268,1.7396930159963946,1.1289958099285056,0.6847805728989516,0.7145471486403868,0.8745427084835822,0.5511523261511261,0.03439041497011686,-0.2548786460178262
-1.1914479512114133,1.874076918734988,2.417707607161116,-0.06833404508287907,2.8993050105130256,1.424410050060546,-1.1127908081807776,0.6158244777819367,-0.3115165421920622,0.008433577310664108,0.06682543218649442,0.5576455269821888,0.2699703818407327,0.2587714536942589,-0.03462816457277594,0.7361937006798659,0.4404073359968269,0.7515263303701339
0.29447535276593034,-0.11068706348003932,-0.4875888198009392,0.9323563944771704,-0.4950510048554935,-0.35743024180278055,0.49470101061604366,0.31475292949046535,0.19075943493524306,0.23078167895117693,-0.4573847280665122,0.022016900912238686,0.21721027421050074,0.37844680378978324,0.6001688433568347,0.14113530207514366,-0.21853178412469296,-0.3128901896787938
-0.5963967882546339,-0.5960862695709888,-0.1133898183593172,0.7869023607164484,0.04889083443973517,-0.1577464108777556,1.045322829888174,-0.1431432050414276,-0.47200356913275504,-0.7058411762949176,1.2979980098903943,0.4034215382230231,0.14179103247849326,0.18030356733723324,-0.6297114450944155,-0.3450760065714268,-0.176585085620892,-0.2957576811618866
-1.1367977973852141,-0.37280145219957084,2.6270642774819177,-0.36792781514916806,0.807774641710506,2.575645615339098,-0.9553607250421495,0.40451573919583583,0.18463569138231972,-0.2836017000730403,0.1814819359219417,0.6978804486619822,0.03068035048518428,-0.10195504260392359,-0.8797656282246333,-0.04276156854285283,0.6308044600540483,0.5786573401899183
-1.0049968512936154,1.0378896833063525,0.5687222840937057,-0.7707509723498158,0.931141305323203,0.022465767838228252,-0.7344845427536261,-0.11652206286463193,-0.3525728818010461,-0.08957646020561283,0.5792507506549842,0.37739240779143585,0.27081668072713694,0.2232018796184405,0.17919718626172898,-0.1607829154855043,-0.28525034313734343,-0.44165190938144894
0.5370260432574163,-1.0440058332412914,0.026453596846264967,1.2427129117732592,0.633299105622505,0.7095783137211606,0.30048097223755926,0.6301670647265716,0.03829126626227784,0.7815507182881375,-0.7082262261995692,-0.6406878629996859,-0.15728223522070753,-0.09605624998286566,-1.1536191425839277,0.17480683692803511,1.637648918326811,1.3566566913337201
-1.1836355450320848,-1.1315788509260136,1.839379712979834,-0.9130855163855978,1.0331258146803703,2.1937128623221502,-0.659880824148337,-0.6898229760492872,-0.08480926981731425,-0.6255109384145426,0.1254607232151161,-0.20731173961357718,-0.123444114208943,-0.45790713128961286,-1.232755102310383,-0.6998623128548309,-0.31207268719091136,0.19381996707207086
-1.2524555568633924,1.358005707571682,0.4652036260655245,-1.1047839038948586,0.0605110344795702,-0.041658766255101426,-1.2955917463933462,-2.080929588268558,-1.1197301917589504,-1.2714533619552257,-0.013869908762793762,-0.5003043470497871,0.08576210589390465,-0.2115503173701274,-0.5503841983260066,-0.7961357121683709,-0.7667613954153238,-1.126845873517908
1.5407939249819704,-0.18439481509684225,-0.6601148911821283,-0.6131274100678318,-0.688149133279752,-0.3490798717208055,-0.821984833361299,-0.026731791257730526,1.381508302913526,1.103182789395008,-1.1579472803538202,-0.928089403740148,-0.4656317598609236,-0.3873773831796152,1.0479473175393705,0.9422320404905805,0.17244213236481215,0.2336832478721023
-0.689470717892356,-0.958579471121234,0.6692994058262464,1.4109906707696047,2.4523231630060924,0.9315587427795161,0.3980677031213796,1.291848498359261,-0.1517366282594859,0.6344515397372711,1.353057632692824,1.0761967756208062,-0.02013737060174782,-0.014429111928001209,-0.9964238969123419,-0.573076250805219,1.0504537979460895,0.5158600692973988
-0.004746432515352099,0.8461729235023768,-0.8291364430697294,0.3946206198005617,-0.7565982074889777,-1.1340778730212202,1.118627547658154,0.8111396595118185,1.2416977177516366,0.8138466063894477,0.10164395419271985,0.8403799232022149,0.7356304845311094,0.8383990530492329,1.7681920632056827,0.5808982374878706,-1.1335559203741916,-1.1330393933188718
-1.098141433736573,0.026086630426905864,-0.018734275914805535,-1.61865721941208,-0.2258053371670077,-0.3205122757719487,-1.05678078305812,-2.027124261597258,-1.4889176099826198,-1.5825476840965294,0.0015439541701729247,-0.38127458038503953,0.04608560527697079,-0.16763119458920706,-0.6835220968846798,-1.169867873411154,-1.113560058162567,-1.096323017473151
-0.4198560854642103,-0.7930214529970351,-0.5774327350158962,0.8045452436512588,-0.3651029373045136,-0.7491510323901174,1.840795090044609,0.15716884535880263,-1.5872218107997724,-1.2550551472372968,1.7225938826594809,0.28023383303991706,0.12051074710822525,0.12352969502154715,-0.5831859271891302,-1.034568085132669,-0.7976856336072738,-1.0460495653814121
0.42886438360011114,-0.25871394774585144,-0.7516251037662526,-0.23363325099118226,-0.9687590429975321,-1.0644381194942067,0.3904567552151873,-0.057824503857141704,-0.10022355820420038,-0.19985498638783344,-0.726680225646398,-0.7118112200957571,0.11298991382594167,0.13083158248092716,0.2742573405344805,-0.2499265643886167,-0.7419937306478677,-0.7964316227915637
-0.9886157432611872,-1.537536903959129,1.2555738380472123,0.8152154166553167,0.6458046095353851,1.200439727640735,-0.4022021418213669,-0.3932730747435926,-0.3160514274381664,-0.8072223612965225,0.45956438673663597,0.0740765622076305,-0.03640681167803193,-0.3272349230791086,-1.5290102521215065,-1.1347961143303156,0.5082600248068457,0.7732007703348167
-0.22156490784871224,-0.5616358724416375,0.006369817497764317,1.3544239693979405,0.7203022682811402,0.10064583259462177,1.4817016395264946,0.8408532329807493,-0.41724308800303495,0.06306201986405785,0.9468415950549235,0.7791107787616749,0.28750725807812794,0.49026251656845854,-0.12133714747863114,0.4313461757151774,0.550985683942921,0.26840443371494166
-1.0448386705767712,2.4281950640083423,0.8070626531299424,-0.496364218366183,0.702543660028435,0.08207867952579027,0.03390149212038498,0.10892507827981077,0.8856525744741398,0.20444723165597947,0.8509027951292581,0.5375255366563243,0.6237959159860006,0.5341234726381697,0.7718483367835897,0.6579363073184322,0.4042064078612952,0.38294385995137464
-1.245112640009618,-0.9093848751748009,3.8759306068120716,-0.6275186791744974,3.4153244397960534,3.6390686094252427,-0.7528652475583739,0.4205367185679169,-0.6759024946450908,-0.5169040434901259,0.06825996231411464,0.6397856355460031,-0.07743476455975191,0.1230753099081248,-0.9403846601522353,0.08095392806006244,1.1301621861117983,1.2064380136066994
-0.9039384747105762,0.2671366575879587,-0.6033341950778751,-1.3515263939831952,-0.9472937972588237,-1.281185420645282,-0.46638620931727276,-1.2650769307492784,-1.3027983669044063,-1.2896869410978573,0.6154724790442969,-0.42237826877204776,0.21361225953398402,0.05136985029045584,-0.227391664447951,-0.8405769864527031,-1.3367058165304253,-1.3762930093732846
-0.4887521678970936,-1.3842293148565945,-0.8468365605800848,0.1428026242404427,-1.095731824625954,-1.2325097581284399,1.838635372366584,0.13970058679111838,-1.0015093268741257,-1.2209368205378281,1.712822296842985,-0.24183343967528895,-0.22925401591274033,-0.1766926219002667,-1.3804559339993643,-1.7834984083075154,-1.4887469028423426,-1.5167990869585812
-1.2065074787471122,0.6422428968132259,-0.7137326513857655,-2.1657441509298407,-1.386075297961287,-1.1167648117010236,-1.4103064042835805,-2.306015404479472,-1.5697970013554712,-1.8449629581685454,-0.09250723676450458,-0.8398542182893307,0.0018706039720222344,-0.3248866770692433,-0.5682063998170114,-1.3647086262920134,-1.5979511601314493,-1.6851719769944908
0.09697627756109652,0.150691548226757,-0.1383782526682921,1.669075347571207,0.4559304778961793,0.23199394718663038,1.0648585195000413,1.3368403432607021,0.5266600293115878,1.1627152121408026,0.04319601923028152,0.6859853113578066,0.43605161922118424,0.5961582039053276,0.937409121840288,0.5810879859330861,0.3848155168588837,0.4636519955968505
-0.7550682855940782,1.8066489121809015,0.8975901108668767,1.307916633666555,1.0839098469165285,0.6161234684653197,0.7389515248404332,1.6652398238135822,1.3175091613704826,1.1715539345611465,1.243508973545674,1.7031841210435572,0.7505486800408678,1.0054294012747744,0.9109472866994992,1.7969693508819555,1.384744908007055,1.0067080138218318
0.7574190726966564,-1.295281298121765,-0.5576941953113586,-0.6095595289914292,-0.5638677570568553,-0.5167918304215061,-0.10149370782727407,-0.6195361228575436,-0.5456358878425233,-0.7053397627713772,-1.3333151926256896,-1.1174059845941913,-0.3876076695902766,-0.29160072389989816,-1.9044568108335702,-1.4243617137583646,-0.1995666759348511,-0.006530060359996396
-1.2910817436671347,-0.5201992237432327,1.1597644431296643,-1.471799135849775,-0.021783930073211985,0.46053905246578125,-1.6211787498037262,-1.5362469574723059,-1.6260056936009126,-1.2781185725773687,-0.26915597812229736,-0.02610660819157994,-0.09003120303422323,-0.4421716779258964,-1.049092972716729,-1.1878262427703574,-0.6419461840329155,-0.5684217380003396
-1.144197705588859,1.9796702240593833,-0.25747236213299474,-1.4728891244889029,-0.26388416845220125,-0.6307059423400141,-0.8787459919678832,-1.6097977923882008,-0.516076502206949,-0.9873775852768362,0.20686040244229165,-0.5343932341413434,0.25207401173410443,0.15369224123400813,0.15975301778383405,-0.3343483229984065,-1.070819644036445,-1.080874420603351
1.172579828221931,0.3406921966968275,-0.779732177373247,-0.7659929948228804,-1.1526292878899795,-0.9555937236308479,-0.7336390263114067,-0.15951886490337042,2.2407258632843723,1.8204433891559348,-0.9526505739149832,-0.9500648275403359,-0.25956885907855287,-0.175886999868573,1.8908608600378987,0.9927574150770404,-0.4813596665433546,-0.37602894111672747
-0.9443460716271804,-0.008557836181395604,0.3319736248160183,-1.0889690214759822,0.8454504120859363,-0.39621661490475857,-0.48678063056578813,-0.43234657934209253,-0.7949280141573112,-0.9166593400897182,0.325261740665739,-0.0042952319470584786,0.08419826654509631,-0.035215091154555414,-0.4073224196633489,-0.3691161795871597,-0.14482373604232157,-0.5078542352299084
-0.15496364736896037,-0.8225427438462005,-0.9318699745735872,0.6870226746731248,-0.7799418541468782,-1.0723712683489761,1.9479353688125658,0.16765221098089705,-1.6212735566721421,-1.7541416314523839,1.5672691509655754,0.0973143097076421,0.06514385560916812,0.17033698347292522,-0.4956309188335359,-1.2329911074318056,-1.4973499823690402,-1.4140907162728353
-1.2855494063167643,-1.296048367503943,2.936923947619351,-0.7045519485184135,4.203482028746982,1.4761958187491941,-1.2309234976472911,-0.8879214499494482,-0.9327805877163985,-0.26505605364432183,0.11924946200900984,0.27517505247374047,-0.009122552147856563,-0.23848452018974678,-1.337230664614608,-0.9968297983785014,0.13957349333947147,0.5624233194828154
-1.0921740850806498,1.2874266641795238,-0.12428138192961731,-1.4886362333012932,-0.6171268384410501,-0.7079993479042415,-0.9129620718808401,-1.7138270830059774,-0.7926377490334557,-0.8474933137806774,0.16929265932880672,-0.5591007141853178,0.17999731466476643,0.03955915010794935,-0.024793737721654035,-0.38358163998752165,-1.2603061397122115,-1.181515556526439
1.387154964703132,-0.11638229430083497,-0.3093805223102895,-0.2877580492057636,-0.1142258357512735,0.5014792151237693,-0.8325970474361352,0.3050449008483414,1.5200642148579462,1.5900322227562627,-1.0154344029393072,0.0973682703043033,-0.33201162649181715,-0.16830798931611168,0.9323933764433355,1.843394587618466,1.5586051542439068,1.6926878226511486
1.888848607418374,-0.7488243101345721,-0.2892448075758478,0.0022962846336011733,-0.8957395923009205,1.2172647476895677,-1.002829841811578,-0.11227837405178537,0.19457112054786835,0.8509422036737556,-1.2262920082134896,0.6049706503973696,-0.5013724782769886,-0.1986421867561848,-1.41951269738443,1.2465053276559235,2.54304149326858,2.739773750432223
-1.1822581896164424,2.240576772357503,0.6730271668516402,-1.0130663570993024,0.04328246501679859,0.501011824344801,-0.9110734443701064,-0.4696580901965234,-0.10346229274486096,-0.8150491200528596,0.13931716221979384,-0.15706472628752327,0.2946334994009365,0.33662886436406153,0.08568943554739589,0.09715692811287355,-0.23446860109978998,-0.14405647045510864
-1.2505687476866723,-0.8651599451582457,2.098007793942665,-0.7678215502218458,0.9085013976340627,2.7445850110495633,-1.280002086125067,-1.1926378523684298,0.6366455826369596,-1.4044385248793894,0.14140398221334524,-0.0474355903063813,0.08098121535188456,-0.4052491282510684,-1.2669777204558696,-0.8428823103344575,0.02977968338015707,0.20315819518531342
-0.8547444285614315,-0.6923410349885003,0.468749891266816,0.22920522206811397,1.1869590736347517,0.47899028373086205,0.008119474186017646,0.1055238028924424,-0.08103629124295558,-0.6553401718358218,0.5314815576036876,0.35052555457434365,0.03936989615753546,-0.001652903956292907,-0.7616154846554999,-0.7261161996861711,0.14624467410164688,-0.07054296100836202
-0.27440696805733505,-1.1838328536606348,-0.384399324523295,0.9309019777294413,-0.6900037661894056,-0.07601173818928182,1.9573994085357898,0.4662189970192408,-0.7931846844801601,-0.7727311096494366,1.8400472554113716,0.5587877589045371,-0.20363532751211275,0.0031296945338526545,-0.9597968904934014,-0.973491057126546,0.030771313663413312,-0.5341885878485098
-1.269937123196966,0.9493448250834677,0.22530296428685823,-1.8046451227989981,-0.5179881090720699,-0.1234219857730463,-1.5178741503755504,-2.245275536373653,-1.4554193075116733,-1.4369710763764174,-0.12956852857708676,-0.592873957059496,-0.04679563836278412,-0.4334617099447158,-0.6159685412323751,-1.1032160159062983,-1.0947560083440109,-1.2897955126810556
0.49907133258013936,-1.3068270515736027,-0.9084302879486836,-0.9047952750106751,-1.316673563203411,-1.4066066975624913,0.231618434928697,-0.577643550600396,-1.1948300317476652,-1.1667523694839024,-1.1446375415667103,-1.3760358262724617,-0.3424777590181093,-0.24654359875633433,-1.7005804297465905,-2.0871091296096926,-1.3815097975820094,-1.352848170131931
-1.026139400712103,-0.44962143361242896,1.5142016270820173,0.7992580536228278,2.833335087827607,0.932973206459963,-0.9864667264965342,0.28677809315771186,-0.4570914932691162,-0.40673572529216684,0.1485148910846735,0.4805437614414061,0.02502446855667553,-0.20746850392834962,-0.7495573768965461,-0.3317155717305573,0.3193644083281855,-0.058279695738119024
-1.2789404807834925,3.2761497088042186,4.101255121540209,0.49942425375581395,3.006399282333653,2.5368297100154993,-0.6281803130208576,2.1795000119875136,-0.38840235202504403,0.714627200381688,0.4257957524222276,0.9764378621242841,0.4737099220800134,0.534062948393363,0.3135905601949826,1.572840206280228,1.9485388465578732,1.8586068535552573
-0.9905089402599594,1.9886590110328974,-0.8432261963251064,-1.2689812673954206,-1.2536175257228261,-1.5116163324649874,-0.1338214029113,-0.9588641318828546,-0.0848160549988887,-0.5513642097964211,0.553425994868117,-0.3870391446558828,0.5251567740382614,0.4531287334355383,0.7881656995132968,-0.2526083004411776,-1.1192045865464153,-0.875042115438834
-0.05324739997185373,-1.4454113213890414,0.1994030472730162,1.4218277466094895,0.7461622329985825,1.1928422505411809,1.1288175975253785,1.0739682510069049,0.4188149144071837,0.9190469566400692,0.5680655251147818,0.9019211520957652,-0.24830909591244502,0.04170134445402763,-1.5840295848554253,-0.9349531636860002,1.0705929273609494,0.5109249158518644
-0.38189780658945927,-0.406357490694885,0.34978741353912524,1.3459637279440526,1.6606663386447547,0.4235267049600149,1.495178931376658,0.8766193113227407,0.42242000613650477,0.07085038589035109,1.4221188654681851,1.1123592808516418,0.3643595590246745,0.3663387428510699,-0.14759410757289546,0.6897233667377562,0.7100879710509749,1.1403143073822735
-1.2051236606521283,2.516741175492581,1.3855297969795786,-0.2797988040194098,0.6431807280852766,0.6066212877605295,-0.6409496840743889,-0.5837390372563878,-0.5463910544978026,-0.494110884343198,0.3387001919095764,0.43559648333233636,0.3361533329036714,0.3808666426483567,0.18011814512119004,0.5380444265797961,-0.11671565405960133,0.23780235476953912
-1.1622861898746635,0.4172918635755752,-0.9504815747888093,-2.237282188791756,-1.3841774628226464,-1.4571718187045164,-1.2058728882136236,-2.454683876412867,-1.777223429995331,-1.9065435084248545,-0.04934300579695678,-0.8849065732535399,-0.022560132220684984,-0.24309519023272338,-0.6672993358345014,-1.4693356871350713,-1.8170538749085452,-1.8124687978748009
0.03333919108534597,0.5828304561487809,0.10588669139357339,1.5569681289114268,0.7973893739036924,1.203161294177867,0.8075102167234878,1.902345352925271,0.9790982536259806,1.582379620947749,0.27250283029785455,1.443629876566914,0.6655787650635817,0.6389350704249642,1.3563468608617755,1.4707951961216532,0.7884059185336968,0.5975981198040754
-0.7536925146577339,-1.2263842538560217,-0.2683140338135351,-0.06647128084915456,0.16462057315555212,-0.5793073168660128,0.39331323253057,-0.3110423469512615,-1.1632271752232322,-0.8835414033549042,0.9460609374364414,-0.12331011991176134,-0.14601551336608182,-0.13831375186649592,-1.2304664306366477,-1.4753565779463806,-0.7399422980758738,-1.0315805941299152
-1.2895957204193182,1.7132725845702228,-0.47258419191506107,-2.3928920978284105,-0.9689939423687113,-0.9647549420838988,-1.4410384414312158,-2.2830834347945492,-1.4399446223035817,-1.7190089947230498,-0.21771076353653876,-0.8791711032430404,0.06501262010707252,-0.22364013899414825,-0.36120341415548257,-1.0851995735961981,-1.4505743924612884,-1.381666542246705
0.5890472683323558,-0.3703600256479084,-0.4081770359995216,0.10101764616130647,-0.23935615120512008,-0.0919388036928667,0.21784880854448305,0.27657654641029644,-0.07230792513064387,0.053999522419866594,-0.9949123648876077,-0.2554408955004448,0.011824467260807348,-0.028163207462127464,0.18356411634597739,0.5148862123311455,0.30404782756784693,0.2543593938402697
-0.8939438350608371,-0.10580989411277889,1.361817380071812,0.6302557253078345,1.1009337725844306,1.4900784884383582,-0.5208016643594929,0.6570608047138248,0.3403104626637567,0.11341197298090468,0.6108391154467314,0.9293547760127164,0.04829961658662552,-0.07612969319795487,-0.2616500329773461,0.07284599577253376,0.5682361797755031,0.5386305823796107
0.827772155582339,-0.7205811598359171,-0.6360426034757669,-0.6210915042322562,-0.8199328711370322,-0.7374073761095896,-0.07378077554885082,-0.7257156090317722,-0.8183724800041952,-0.6245539253892628,-1.2988048674692965,-1.030670151580247,-0.21729794509299877,-0.15193575750295182,-0.5442472317083495,-0.6260279145271073,-0.26139855643530663,-0.22022767648572605
-0.6389313677237636,1.4051402160023956,-0.23378308399661402,0.7972850165406536,0.002418169602896039,-0.63332192778165,1.2865416104508156,1.4174512002510433,0.9001966323036232,0.3863555821972925,1.4844793616247531,0.7469150443472359,1.0639089816642409,0.974871756252552,1.419565531303366,0.5718292811201523,-0.4666879070319378,-0.7131305114153488
-0.9663566848910269,-0.9194745592326681,-0.49619562952853585,-1.2096416044516476,-0.6739527532855256,-1.0485561036613182,-0.41559759249514017,-1.6138330696624952,-1.7001737772922307,-1.6707495125274257,0.28504080610329124,-0.579080367656355,-0.08559632651081639,-0.25539526695252135,-1.0420452974203864,-1.5696774025276574,-1.2583799372488254,-1.2259914234276021
-0.18596991103755073,0.8903008285705613,-0.12926716507862257,1.5180702443175642,0.07357666834792684,0.07223769102162168,1.0897645745047688,1.781909592294791,1.4395677492282766,1.2041016385018175,0.9199308972033485,1.5242229009791024,0.9514383133042356,1.0905312621647414,1.654139279175074,1.2991724474192579,0.13284731491013113,-0.023951839407817227
-1.0347694481140888,1.2313165035417564,0.935852658477532,0.7831137056706717,1.1166039645166408,0.4396081137418936,-0.6781522240147266,-0.7057475115694224,0.29078182924836893,-0.08545587638488227,0.49740309062811733,0.16497472331455332,0.39626628537116854,0.260950031253475,-0.022750493054577575,0.6261503319602879,-0.22927340986783887,-0.04119495062230575
-1.254762674126352,0.2961487473697191,4.003613857408137,-0.08138274662607753,2.292719956453127,2.435102276188277,-1.0686294532966991,0.4420491867396465,1.3551098251916822,-0.596474460526148,0.023477753823811478,0.7109614353990182,0.22776573337051734,-0.06782175185319257,-0.33542464123982074,0.6480178581974032,-0.03960724098505519,1.4746886242262214
-0.5573602400270172,0.06771302583169901,-0.7192013668976169,-0.21464215317104754,-0.6909653986732414,-1.0413381088866513,1.155906832346221,0.23313352700700976,-0.6837246961783529,-0.8832031547163685,1.2502332443917263,0.30260509888642906,0.530883247588759,0.479566592081181,0.324008071001203,-0.4900351737982253,-1.0293596402467966,-1.182421730877475
-1.2950063055070908,-0.6454315016575587,-0.8122199437888967,-2.518801856841155,-1.4829076773410377,-1.482330612634774,-1.6448541675170347,-2.927485741253434,-2.0796677045349083,-2.1699968368809235,-0.25865231280243134,-1.1462998106201772,-0.1121871237550298,-0.5255752597496466,-1.1794287697580261,-2.0112320464504663,-1.8479155107995189,-1.7532731130988197
0.11362566788160136,-1.136978463829287,-0.031892730112890615,1.182708954868022,0.5528911903896908,0.687630133932645,1.1430919026922193,1.0261083183104915,-0.4903159763412405,-0.24836469291850297,-0.2643738288500762,0.45134211807176616,-0.08228803404164378,0.1430835858825055,-1.19516985115179,-0.4704668124883118,1.0004303501623235,0.7428254735622075
-0.8858888787867564,1.0065863233489543,-0.5978687880836506,-0.86954942691827,-0.9222961445195345,-1.187609725986339,-0.13782968637522242,-0.7849112842987486,-0.2433465055966414,-0.8838765672521779,0.6439943421428439,-0.2175393872884343,0.4362710489340526,0.2802467024379908,0.35535785698375943,-0.5380756141496047,-1.3532310657507485,-1.3843154802421929
1.5017310145121736,-0.8353369022646945,-0.170858929403313,1.1677969741724625,0.1956012520198231,1.2589168317259005,-0.6817053191028265,0.6607630287737878,0.10014190862275593,0.8460078124277182,-1.254110735106518,0.8687765627661255,-0.2707843568229298,-0.1616316148098807,-0.9084504597581501,0.6277185316105524,2.3591444557453736,2.9320042816091547
-1.2226964593074898,0.8508894698030826,1.0603572160102497,-0.8864083226164761,0.5120787381727969,1.4140675909384208,-1.3203995029729074,-1.22673154475872,-0.9111659808432367,-1.210937900644664,-0.0977134012840673,-0.3078544521751116,0.04976536914548719,-0.11278658560482281,-0.6019604611694309,-0.7137562696129881,0.26435221019797617,-0.7161658154365868
-0.3707767082066284,1.1873157604410747,0.23028871963319453,1.3389872775289404,0.1901554789041318,-0.22950658256818499,1.4295806585703883,1.6669034780214707,1.111366102209361,1.2431188671155926,1.7418139375082262,1.3631860067565469,1.3720830959326833,1.1337625585657094,1.6722516461985524,1.722721305635744,0.18915632310147726,0.5709127855583737
1.1303662118584852,-0.9983138286294974,-0.6732733314788791,-0.6593445462189457,-0.8439609713596022,-0.662098541451021,-0.47696758644991494,-0.845910916055855,-0.9024404855490037,-0.8351615379967575,-1.3756513398686065,-1.051318588148623,-0.39577016390428604,-0.3029853722915718,-1.255555018759203,-0.9515427712711839,-0.39831753793625335,-0.1676696807478619
-0.6582145306859807,0.6007869253704232,-0.013265560402954134,0.9485457411665829,0.8231137728910086,-0.001183944065795657,0.8617314115927213,0.83017816999854,-0.10214977380051397,0.12909052540621174,1.1411644363108482,0.6811019691788966,0.699885536720244,0.615902005777209,0.6186061799354785,0.4174386400881251,-0.04171618633372674,-0.15058450437603485
-1.073796420846735,-0.3832476891127663,0.7039197759777676,-0.7842881609019959,0.5207556019604147,0.8976724080313627,-0.7467274347088919,-1.19575293066465,-0.48595267471924275,-0.7740594545757644,-0.12107986968128658,-0.19123980113228178,-0.017680046452782167,-0.14867423253507459,-0.9168399569324241,-0.9623183605281403,-0.4465401196903276,-0.48240788750924746
0.5206520154769696,0.388999738173055,-0.08027576901877012,1.156759911938561,0.39252691087729774,0.6462308411252687,0.11052181374252472,1.2747946022715775,1.7039577424558534,1.5488394156318461,-0.691185905580874,0.746458956673172,0.16292877698693103,0.37168490621831657,1.4574823235150673,1.9907069207090957,0.7455612829549253,1.2315291563837045
-1.3006948325923617,2.3665163253798562,3.2984241633423363,0.4884036142018501,1.1553613613244862,1.708827132153707,-1.2169063675157084,1.3334446958512414,0.1266789871277589,-0.1999896994151713,0.24243545310394304,1.750553077704396,0.1939979224891495,0.009233406500386935,0.11228218510349075,0.726537774759924,1.0243590165947367,0.6979195211185225
1.3100328802083216,-0.4396505988744868,-0.5205249320590329,-0.013176359668008692,-0.47317117347141857,-0.162105541040272,-0.6327064767279239,-0.6268894597780061,0.25959188660128024,0.3941438847598826,-1.2452686557728194,-0.5108856323514565,-0.2811008239598126,-0.20822378100512723,0.3153460521503824,0.19279174089854023,0.541059049190791,0.5513474349450682
-0.8404675464654683,1.6357230826602975,0.11451665379389078,0.6011641127034485,-0.7920060121631077,-0.6539417523940533,0.4409939104984905,0.4517272450642085,0.46992162577204594,0.34139153875526435,0.9058554243933288,0.6475939262091169,0.6519407250008786,0.7647253758187332,0.8120946140410356,0.6255059728537796,-0.44252760724609436,-0.1884191889445112
2.0181927341438843,0.1905455530299487,-0.5445464173382203,-0.488828683356881,-0.9705489508574219,0.3307258919052129,-1.3369493076954704,-2.7864074024778414,2.9623506930566443,-0.4066195465848753,-0.7735094628262836,0.4666567674049506,-0.546192004608352,-0.42333473648057135,2.140721477510538,2.1922860148581496,0.7057874020074529,-1.4221715178800718
-1.2621374926617417,2.6254601146348615,0.35938529806265007,-1.616834683445115,-0.2728687320367641,-0.3404081747181747,-1.0308414256816412,-1.4942487141609713,-0.22646248013524217,-0.9737282750326632,0.08427715454968084,-0.07950976958292909,0.2720626333440974,0.06349097986735167,0.15607287355009783,-0.2833405091312474,-0.2001424889401619,-0.27780358050384724
-1.1216445454037922,0.14614289978312417,1.711027488460418,-0.8673867568955047,0.8533665392666683,1.2280754980357804,-1.0245622882217598,0.24941472062098943,-0.8537401947613011,-0.8978171250820457,0.14359850199922652,0.23444191430893127,0.1397901445380501,-0.13095317564054673,-0.644100220957867,-0.5427573010942007,0.27840989411246325,0.7576239067584261
0.005214982973987337,-0.5149726000712843,-0.6932858803890601,1.1321409429177531,-0.48008017799520875,-0.8671180251055151,1.5132253087608363,0.5214946774276595,-1.1241163373366627,-0.9255055829427246,0.2331428854275713,0.24116372320111124,0.24944420074913046,0.2781063448306488,-0.14706556957849914,-0.5348578083904867,-0.9404567740824866,-0.8079441238003477
-0.7777269197002927,0.29828964576503697,0.5632568770994809,0.662198814988773,0.46082539845310544,0.8386955120553854,0.29376437433553587,0.31309731384855777,0.1910478592905481,-0.1862289177883182,0.803904352952317,0.4746201261751884,0.3808444943268802,0.4292773033370175,-0.32397663926504283,0.34977518011206465,0.33629788982711056,0.007831478848239539
-0.40385811575464586,0.46385330356533083,-0.4784810407288966,1.1617596335683282,-0.7382558976080505,-0.454881670870288,1.8278140648718015,0.9593779630566085,0.16956921207518114,0.02860989199784547,1.8364087939885507,0.7658359029994511,0.7659819368265904,0.8014551673417423,0.8582530804012496,0.42402196587452673,-0.7419368665271759,-0.593387338599493
-1.2559062127977039,2.563603745791598,3.846176649049633,1.01002227918766,1.6706024953529663,1.8611084823667858,-0.7553078620436674,1.3869565339532044,0.1061623663120685,0.4996965437047953,0.32057185888637674,0.7449664408020457,0.23808179984201538,0.39393468565158285,0.0360417635001478,0.6100066581782597,1.0426323172734797,1.8103422943173564
0.47621554932535864,-0.7181258494983128,-0.24517836937560436,0.7861518657979694,0.09970704355131725,0.25634681244618096,0.22330099388888847,0.8599725938335909,-0.24453689066096757,0.2994074864821544,-0.6323961159762869,0.020757485584607334,-0.026863411763765152,0.054023324790721694,-0.6878815008146135,0.01689630171295426,1.1999685173845498,0.6924368111728988
-1.036116947947367,-1.0819777821788192,0.836375799573273,-0.694775598836183,0.043046023565579475,1.1018489604413448,-0.593550488133338,-0.9356399516075689,-0.49613681405156,-0.6612331244868132,0.1514720039401465,0.040831486307230054,-0.09764886314538798,-0.10461011733061568,-1.1071690645667456,-0.8773821861503169,-0.2190462711068761,-0.241613804912938
-0.9674487466995143,1.387082115117795,-0.6318790703650446,-1.0410112800571745,-0.8598282114948711,-1.2767582630615584,-0.46775322767506505,-1.0212217512547197,-0.3161198693922314,-0.8543607845156638,0.5440345079893735,-0.4901649723798478,0.43131281807276384,0.28712664644938724,0.45800286144440283,-0.42645599001716716,-1.362440241463472,-1.4201665503910177
-0.37212460727878455,-1.1189000268209899,0.15301978485122417,1.1738610173372634,1.0112363192825469,0.228058384611154,1.5870527002625148,0.9925384441049738,-0.4188785960409124,0.318936569053702,1.5330895943284184,0.9943077672689609,-0.016807777602796472,0.13849182305712013,-1.0336830102958954,-0.5674582608499217,0.6180788408398957,0.48088250034577296
-1.2213361588776777,3.1600228494982012,1.1887568579818728,-0.39595797676176336,-0.06917224443572906,0.9805835299061454,-0.7111773247433575,-0.27730083117531534,-0.1813071847533002,0.04511153600204338,0.37241232246515626,0.26520202228437945,0.4122011525285392,0.5407764823520455,0.5047738130616665,0.8135530620798471,0.364239163296408,0.0691383255040671
-1.1591563379742948,1.009221760632941,-0.28723477190685065,-1.8936865568059653,-0.7194255537606106,-0.30610689029588467,-1.0523174939798676,-1.804180541199253,-1.183718400240312,-1.4845077681669907,-0.005070193587915361,-0.5263649486590605,0.1450389641219345,-0.13998246725931043,-0.3454248669480032,-1.0839029923274695,-1.301491215695188,-1.457194050889708
-0.7107784711110422,0.8328539374139652,0.8681551053247347,1.4024016917042081,1.575306662219682,0.7334198197659157,0.5296728457116251,1.6018690953532582,0.8348393700102282,0.7039370654241786,0.9978424240977358,1.6520279484815847,0.6380952371449292,0.6439817837844554,0.5185830414100242,1.0796565916282665,1.315153935061664,0.9907457311759077
1.02047756333791,-0.023920568432398058,-0.3824248762707885,0.42115636251782285,-0.2786745671834259,0.147697583283864,-0.44222047061466435,0.46747127962859464,1.342087167099689,1.4282663203586043,-1.0876008816974148,-0.2801498505012266,-0.21012897844276496,0.021347100092676798,0.9536709562159633,1.0722515647818571,0.6795383032483092,0.9250921203120639
-1.2930325745408466,2.3462480638278977,-0.6839283985948639,-2.1129068621565845,-1.0103237136225403,-1.0994885859445547,-1.1866595169671388,-2.1336810292801527,-1.1038005629731447,-1.3127985591194855,-0.0446598710402086,-0.8484988915843016,0.14601607185262855,0.001307231156563077,-0.18042776302112384,-0.8794612180766257,-1.1419929353949438,-1.032571182056488
-1.125888061678826,-0.8005555413311851,1.586253425754456,-0.47297311590429353,0.8549461360091412,0.5275050850314734,-0.8224421404146269,-0.9386407495530703,-0.5037147656148802,-0.7822151802675316,0.22741563490434508,0.2451624454823276,-0.013212487576188916,-0.09561982095895992,-1.0146750985654065,-0.9385455733707777,0.16175939250687643,-0.23446674198414277
-0.9608651728350115,0.5930353521313145,0.06232097926442107,-0.9247106722277868,0.005849108157758876,-0.02451281177968854,-0.660655994140822,-0.6785456481325587,-0.7533685613226274,-0.8489200798886495,0.47922413799420743,-0.09070866571541927,0.223037971676146,0.0796240437295153,-0.19671868989514443,-0.3680702346323717,-0.6108214306385623,-0.6036082118815493
-1.3020425320450792,-0.5834861120937148,3.1336915346032486,-1.1805140738244473,1.4249130508321055,2.1463619878376763,-0.9606895050695119,-0.5154606488559612,0.3756508017221655,-0.7436310655411271,0.11237400712071414,0.34762378671921834,-0.11146648378897592,-0.17983336109999,-0.9791464623402402,-0.6205122688395768,-0.013679247268720426,0.9556554471509402
-0.17792163577657352,-1.544751038585941,-0.1957385718679697,0.9253255225181906,0.3987179075748822,-0.21868939635049775,1.5888346091902101,1.18221633973317,-0.18505480081970896,-0.1827610113021821,1.03584007393351,0.44988062309585647,-0.18603492039613137,-0.09934012012382075,-1.5914291067329425,-1.1583587144506144,0.12269669706202019,-0.23066377827724222
-0.5391377861451297,-0.3961498532031386,0.27667185694297614,1.1161822083068682,0.5318654288003555,0.49409929903717853,1.2133818083376346,1.1421568664885533,-0.3687424721431298,-0.15751179029303403,1.2950562881374073,1.4093644565137922,0.21743670421167952,0.29045142198850765,-0.19328004367985308,0.027171092022646254,0.31185311414129907,0.21621155680192028
0.2502446630655205,0.09892233733644303,-0.9065483669790528,-0.12719801064288067,-1.2859507473668688,-1.32867248001747,0.5587805144125783,-0.19328248185388786,0.138418243563065,-0.10362249349608944,-0.6516587905134706,-0.7303716744798336,0.30346568850005323,0.36678968778755205,0.8251020643539784,-0.10268491114165453,-1.218432352328611,-1.0912747148234845
-1.0759620110464085,1.9300679020508344,0.5972733871787608,-0.8333938531201002,-0.3351700000408334,0.17083582621971516,-0.44313229146717376,-0.31290212434984205,-0.08147930086803555,-0.03686501305353915,0.5198756388673476,0.22550617823541338,0.4115337957433211,0.3241328459282206,0.3887595476617488,0.3378928126847631,0.1541410652862452,-0.10899968345167307
1.7923696629596657,-0.42179553612040377,-0.3647103013724838,-0.3634661781501433,-1.039419850554447,0.8462752859210283,-2.3745467575615486,-0.38556611218464293,0.7347103981047692,1.0174044242133238,-1.7444164302854737,0.058816880001153,-0.5664156732549036,-0.3135078277800793,0.47939128879552645,1.6324642104981777,2.105785061259184,1.940043510140339
1.4836402969838944,0.17776337892315616,-0.2630086033775037,0.24610728145194435,0.20337928198573077,0.578268277963221,-0.9904542381433697,0.9034300644257751,2.4501721726561176,2.165164411479775,-0.8796959148596116,0.5241410543757381,-0.09612194807067354,-0.37873981113882527,1.8095800742450192,2.6316631981752416,2.204753926899295,2.0658031797306524
-1.1197217423469548,2.456861733420399,1.8103935259255115,1.0714649549752444,1.2964312489939427,0.890943023817602,-0.44892709006412856,0.6067968883902868,0.8746362478343732,-0.022708193755922996,0.3703811065653332,0.5813846826796202,0.6538040099183509,0.5469763075978347,0.4771530830582788,0.5412940731121327,0.2796202266373435,0.50219523268063
-1.259959101865534,0.31634553386005915,0.49495802867067,-1.6079994826452066,-0.11484886258816245,-0.029375640292125967,-1.5413887116541065,-2.040091858214344,-1.2776194473836846,-1.5158989439253043,-0.11638474825797536,-0.8473284165830733,-0.01906827914100088,-0.3955248916263123,-0.8101562055064978,-1.1178632001790045,-0.8858129889450606,-1.0179115336760176
0.15717663467746762,0.4818891394786825,-0.4028929580133845,1.3439181906088382,0.1522505025505533,0.11100991786243802,0.6447604825833618,1.201415321559935,1.0811133722079156,0.971716556167949,-0.09595266602637981,0.18880239480020775,0.5513833769829691,0.5345161139045419,1.3764183537784505,0.8100103922663068,0.05034637688882155,-0.31931538100267154
-0.8383534955097338,-1.332376448770874,0.2719520132748977,0.033748644092144946,0.8764668458371537,0.6836118505270495,-0.2056560280606956,0.8977007582662642,-0.8207815773645369,-0.817214328764212,0.636007087855275,0.24455787400357068,-0.1055441077946046,-0.06489494076047574,-1.407868635292117,-1.049199043376304,-0.5585160376673732,-0.10283891190201089
-1.0902133418541637,-0.9828757440395612,0.04066877489276966,-1.7444651773323359,-0.5610606413710103,-0.32508202959452304,-1.0976624800305053,-1.8306177903787189,-1.5489958805259811,-1.4404231836634525,0.17877180898255693,-0.49815850362021524,-0.09541129826157674,-0.27308853825815427,-1.1604895703822595,-1.4596294042790243,-1.0284934476038838,-0.9419002050893213
-0.10132814355656665,0.832110626146447,-0.641477038296577,1.1726452458261,-0.026810942019382028,-0.7251179125352495,1.4239966664455674,1.2067572532082698,1.082222035334778,0.9266583274694934,0.6470909923344097,0.6926841056997446,1.0063641556670395,0.9571120110218722,1.645428055961226,0.8597834175583215,-0.969485660248138,-0.8358409721632278
-0.6681665141568219,0.009517810362167083,0.7228355929986465,1.6935435403866637,1.9714406030894187,0.8599750388512974,0.2620704903071841,1.0763912298232183,0.2387812301128034,0.40564934869589514,1.3767700029750174,1.839853944671502,0.17127020957254244,0.5222081330287598,0.14070924052784756,0.414599289361125,0.830187648675155,0.5954463196185992
0.32736200659865144,-0.8199044573508533,-0.8853783721008497,-0.4361592636179791,-1.3055918656182786,-1.2675104895253615,0.594360403387705,-0.7531262962844933,-1.3254466971369567,-1.6842511254692527,-0.8119173309369484,-1.0895839251881045,-0.08657447181966917,-0.04028057411578418,-0.6667217605645616,-1.259789432530471,-1.1177324303452207,-1.2827326341541516
-1.2844056555497583,1.6930746231473628,3.0433456908517607,-0.4678801377960766,2.0744216552701835,2.380385599670227,-1.4763615883520838,-0.2320617088832073,0.004316774817191888,0.4810995789080876,-0.0495837919247888,0.24046857635517915,0.0922911188998893,-0.10520332577203632,-0.14439012152136294,0.5948312871675494,0.3484142606277532,0.8231880839881061
-1.0055358736841136,-0.1643235260862684,1.8996920222787455,-0.09209500603181026,2.192900566899515,1.8057262460000827,-0.7812882426367688,0.714059772830786,0.7213840327449033,-0.7029225100752053,0.2292111741372926,0.8003999394485937,0.32115911223373755,0.004515107023986035,-0.4706319647182328,0.06915312212665338,0.3007426465611103,1.158371799145709
0.926288309988935,-0.6196372485231708,-0.1273776817829877,0.29921583510905986,0.44518160026600756,0.966086852386788,-0.24931316076480953,0.08080289441785252,0.2267512663408827,0.6885097798790002,-1.1575231503331382,0.18648129562040447,-0.12152560545075473,-0.0521462895066365,-0.2928885287354189,0.8615505281473005,1.532723617170358,1.647261003361782
-0.528131468939796,1.3003488706604625,0.1864116454124183,1.348833800467998,1.2418878815340078,0.04900056510621832,1.4543370878695971,1.3889124325978115,1.3928525919853887,0.8903246650542728,1.5796550919886485,1.4776989791986774,1.0705273242790532,1.1880223758632944,1.5106750954460635,1.4952861195992697,0.21144339740197057,0.34593776662218173
1.715669149767857,-0.12914408332840976,-0.501580241966259,-0.08493270732985547,-0.2841738729227164,0.11291191296791492,-1.0369381567112625,0.1725950590793363,1.0984599438520823,1.5752109344839624,-0.9953429223021678,-0.43513044257793954,-0.41349065607927904,-0.49083220239637665,1.128995379679036,1.5955970943288513,1.204183303423683,1.1835021472327516
1.6125628524064004,-0.7309489014656885,-0.5925918553834809,-0.277667555358515,-0.47027665042099076,-0.21820922077477045,-0.8152677649611263,-0.7426980663108703,-0.3701026656455672,-0.15648191831159688,-1.3597698819037496,-0.46296429030085207,-0.4728890936302741,-0.41546182923322506,-1.3559630542545091,0.00745539163022724,0.4217317455956404,0.6400451245362772
-1.2719106171151264,3.214202987650186,0.14804109138284702,-1.3403211760801512,-0.40515168177432304,-0.6716131745008953,-0.8306867069741386,-0.5802310652710418,-0.4479627609894671,-0.6582223359518004,0.19909923899999274,-0.12037892592605663,0.45016840193086205,0.26070169996515913,0.2920069896403657,-0.02115031680242831,-0.6976726322407298,-0.34964889573591923
-1.0987887496727966,0.7861999127416529,2.388856235249421,1.1111214357820085,-0.10615859657769593,0.72480899653099,-0.7164518741649089,0.829978035965591,0.4938539698151816,-0.0560794084496997,0.5168638362802168,0.8151252427385377,0.13661446872569044,0.09232118331920891,-0.7159982786135444,0.1495739921882916,1.2684033988383479,0.9615541228645661
-0.27229249291029256,1.0867703372835074,-0.27763683177798754,1.326314094569102,-0.19969712951049604,-0.5828353783809128,1.6091008764972285,1.340019141367398,1.3570369169568943,1.1217858416194313,1.4646180321075413,1.2879153270165016,1.0378024270079376,1.0163091744460206,1.9260616099113466,1.0306025794572269,0.17120092632513323,-0.35362165670278717
-0.40042128658554776,-0.20958998482606392,-0.6752486694167978,0.8040556402622985,-0.48121280205911765,-0.9088216088305354,1.8346788399512484,0.5040340389960414,-0.773655939930971,-0.9107762773482242,1.8556623843563707,0.413909061816167,0.5320249237325941,0.49423566205049374,0.22412691504665605,-0.4119758713863668,-0.7691524518436246,-0.9500122298012407
-1.2519292103072786,2.0822444031988105,2.0206271480361164,-0.45035616316041316,0.8911709502907817,0.6795947561676602,-0.9288773931076513,0.17029080612685096,0.30150887695197776,-0.33852671640559834,0.139501666587908,0.08495931284253522,-0.005466501758254152,0.16399343420719606,-0.046856757834855295,-0.1128268967337914,0.14205137927328418,-0.1010680331318942
-1.183363214212258,-0.7052234797947494,0.5152403677314535,-1.3508114210642863,0.15143813653144825,0.9241492787266914,-1.2136672551680097,-1.184465211700745,-1.4600758733707622,-1.464183832205653,-0.01694099619696931,-0.5043491217681649,-0.09697922203062115,-0.31307297849522714,-1.1315421656377853,-1.2935306715561345,-0.38111625920352027,-0.7981617020953302
0.028147108188018827,-1.1967754550118954,-0.4236041254428804,0.7731490114906271,0.6838152444619362,-0.2957791305897576,1.1838765591550193,0.6800758555724544,-0.7019956263725106,-0.34609343069384196,0.2841900675580809,-0.33748037170222284,-0.12596314912384093,-0.07510570031638808,-1.257732536215956,-1.1306676240230666,-0.0868227075176587,-0.1255151025048582
-0.7612337565433331,0.9415734933958185,-0.17284891934786517,-0.18340606127627193,0.2736667272305236,-0.5411264480306139,0.40485588871168393,0.1482822438076704,-0.1821902844881198,-0.17251306174989192,0.8627829018479685,0.239068011965876,0.6383404637589069,0.5719504819395783,0.6283287263783253,0.04160244059840986,-0.21903559973950815,-0.43695884516119854
0.39592662719097427,0.3240744994392669,-0.6175818466419276,0.07723786683515942,-0.6429519480248875,-0.6056346627683459,0.2612866370019873,0.673381322916286,1.0308177488168193,0.7650401723529042,-0.6840593415012343,-0.4796934565492531,0.2931735968848399,0.3246193426554098,1.3156922403271307,0.7302705050830585,-0.6951279287821394,-0.26790629173792746
-0.560464902449411,0.7000465219605801,-0.5224006252307779,0.5515346078308725,-0.46698317717398424,-0.9637245493957024,1.0475223590997693,0.5711060937918847,0.2323219015502113,0.008437638299527664,1.5041175547718058,0.3101028868239773,0.8731619335111017,0.8545004672009918,0.8551667948677606,0.37902709116659733,-0.885547610269746,-0.8748195810534193
